5.293049
3.754009
6.527376
5.143486
4.841186
3.64809
3.383717
5.538958
4.441672
3.591964
5.970323
6.434098
5.910444
6.057409
4.645998
5.837328
4.504783
5.462177
2.092346
3.771935
3.951394
4.838457
3.806354
3.577826
7.25137
7.63188
1.860603
6.03557
4.071558
4.199892
6.748936
4.827576
3.853994
6.674598
6.025838
4.059165
4.427975
2.102811
6.90641
4.574263
4.564719
4.525442
9.273724
4.963491
5.452711
5.181919
5.92084
2.348408
8.694442
6.43523
5.433702
7.01404
6.087925
7.206165
4.296483
5.001967
7.266582
3.170755
5.625325
3.903785
1.876053
6.03967
0.7139118
4.161522
3.38652
7.398825
3.057603
5.564518
2.954401
4.279767
3.989048
5.875674
4.512753
2.847506
7.471692
5.734416
2.480533
1.594548
1.794803
2.528326
2.122173
4.359638
6.21248
3.6524
0.8074815
5.394735
7.531272
3.765768
2.092698
6.756006
4.283035
3.4441
4.161856
1.790463
0.7982428
0.7979827
4.462339
5.540164
4.577672
5.61874
6.20394
4.238667
9.737877
6.214281
4.621142
4.085036
7.850158
3.972952
2.804271
5.502583
4.390969
8.160734
6.208901
4.694961
3.192911
3.322244
3.232076
2.702832
7.198874
2.878854
3.1184
4.599705
6.382721
4.983291
1.574167
4.441193
4.314684
5.170991
5.839545
4.322224
4.970802
3.535183
3.107262
-1.082054
1.235672
3.509992
5.240729
5.499073
4.952754
3.016049
3.762513
4.556243
4.34777
2.690054
3.058074
6.135976
3.741199
3.925539
2.674562
5.682282
5.735458
2.893747
5.138926
2.826128
4.118543
3.995411
0.2490926
5.549396
5.444461
5.211409
5.084813
4.478776
5.40985
5.220393
3.617135
3.401727
1.631225
3.878003
6.277712
10.64357
2.557385
3.231293
6.509296
4.246305
5.625217
4.107409
6.090203
3.871844
-0.1429644
2.162058
5.559866
5.865635
3.137931
5.301642
1.501072
2.017385
4.996209
5.689076
7.024313
1.515283
3.456308
0.9389012
6.923362
5.554125
5.123161
0.587919
3.440023
5.26934
3.960007
0.07620192
3.349371
5.116719
7.211134
5.67897
5.593834
6.117315
7.117585
1.967796
1.929834
2.936778
5.768787
4.124407
3.124761
6.851462
6.460675
4.403501
2.794719
6.55503
3.452353
6.344055
2.089117
1.887305
6.290581
4.614988
7.865943
5.057284
7.105158
2.423084
3.539729
8.96352
7.482001
7.085814
7.725057
5.446023
3.147962
1.536414
4.315744
5.891057
3.60144
6.716362
4.06415
4.067365
5.941651
4.286476
4.599061
2.993332
3.89992
5.118989
8.910994
0.1578503
6.417475
4.282917
3.935151
3.872054
5.35684
7.129822
4.31567
4.641701
3.788179
6.617501
6.18374
1.651047
2.915953
3.925919
0.4823332
5.479839
4.221314
2.953416
7.846477
4.47965
7.801851
7.623513
4.025317
2.290604
10.12756
3.925056
5.658719
8.619651
4.614768
4.862985
6.599328
4.565824
4.609596
5.117637
4.753885
0.4844637
1.113634
4.07492
2.880038
6.416282
6.812
2.69698
2.618448
4.368933
4.586318
4.886727
4.689531
7.137354
6.65645
6.268771
5.293044
2.64362
4.156599
6.483252
5.238358
1.101652
5.342924
6.285562
6.980004
6.199287
6.218672
3.850734
4.144484
8.83325
2.763282
4.409248
4.784576
6.740635
3.302883
4.684313
7.233173
0.4127212
4.136792
6.852167
6.721401
3.263199
4.199599
3.259743
2.952631
3.009385
2.189085
5.72144
5.36487
2.877951
7.036806
4.323086
2.38073
4.699897
3.427477
4.559764
3.312638
4.978925
4.093926
2.805344
5.508854
2.746144
7.049471
3.653511
3.119798
6.452155
8.88134
3.427372
5.365458
5.359852
3.890438
4.794451
4.499023
6.36704
1.62265
2.291502
7.370539
4.453691
4.935312
6.588746
3.364062
3.360836
8.429502
3.616745
3.953404
2.155735
1.939571
4.048086
2.050329
4.140183
5.076246
2.115067
4.536755
2.686923
7.409944
6.287156
3.094404
4.927503
5.839278
5.424216
3.146879
4.088638
7.736209
3.459371
4.613931
2.742328
7.497608
8.4711
9.867338
2.87158
4.20137
5.86597
9.413498
2.15305
2.029222
7.785456
5.139469
6.555196
1.384274
5.780334
2.491792
3.706745
5.568777
6.31962
5.843465
2.944959
2.905454
3.323007
4.075606
0.8444433
5.073637
4.032133
4.719871
3.543502
3.251765
7.478269
4.137819
5.280434
4.937561
0.5446534
7.382262
6.807593
3.419093
5.090086
4.587725
6.482198
5.91319
6.70688
4.38394
4.202504
5.878726
5.04553
3.820032
6.608994
7.369242
1.939528
5.847955
6.31038
4.547736
3.204709
3.733533
4.691789
5.559169
3.430498
3.819381
8.19873
3.925988
7.709597
6.987619
4.492676
0.08086109
6.056086
6.57711
4.058892
9.191917
3.589132
2.401971
8.096045
4.796929
4.413594
2.041754
2.051794
4.048834
4.895188
4.867049
4.782729
1.173173
0.09326839
7.331029
3.254501
5.501768
4.396405
5.160787
4.96071
3.324169
2.620064
4.953449
5.306664
7.174644
3.587404
4.266823
-0.03623581
1.052005
3.338835
7.183811
5.828114
3.90545
5.259416
1.82746
1.500068
4.814724
5.877705
4.809587
4.766212
5.910267
4.513189
5.965214
5.883527
2.779236
3.091974
4.377634
4.561668
3.758673
3.632452
6.929524
8.185171
6.27391
6.398935
4.97075
8.190257
3.756762
4.553052
4.045325
5.732268
1.891985
2.63896
5.020334
4.968563
1.137462
4.853878
6.181335
2.037163
4.400693
5.497678
2.123674
5.393869
4.189396
6.159724
4.678196
2.851791
3.698278
7.598586
4.090125
3.974899
4.323674
5.053975
3.034541
5.183874
3.053293
4.902721
2.89243
0.623126
4.674406
2.953094
4.359064
0.9852507
6.393135
3.320913
3.714268
6.436044
4.578842
5.617547
5.318555
4.618944
4.519642
5.070041
9.505421
3.720664
4.332017
4.64679
4.767457
3.750878
5.711166
3.751171
7.844255
2.434219
5.322404
7.419039
3.74
3.930835
4.27145
6.660606
5.157469
2.194831
3.838347
6.298214
6.685685
2.633228
2.489665
6.201062
8.058338
4.639523
4.874536
6.82583
4.633142
3.388124
3.935012
5.736003
2.932933
5.667458
2.314169
4.441082
1.722322
4.532447
1.974603
5.16555
3.902249
1.540055
5.009899
3.590635
4.904956
6.749024
6.623455
6.295259
5.765898
2.188222
4.63802
6.639684
2.711214
3.945998
5.253479
7.469105
4.785127
4.498087
5.334261
5.574234
3.469516
3.480951
3.160661
5.369848
8.23332
5.027121
5.948909
7.558697
3.130709
3.036582
4.853415
2.42677
3.806546
4.73217
3.980243
6.193509
1.91102
4.43854
6.867798
8.536703
5.562087
4.861678
5.178658
3.985077
4.046809
3.417487
1.858243
3.778007
6.132699
-0.3533106
2.350185
4.447001
6.669639
3.75879
6.193786
7.367558
4.041782
6.174104
2.047009
3.300552
5.500908
7.033363
0.5911908
5.004509
1.229055
-0.5863838
4.008142
5.888951
5.959304
2.046079
6.184371
6.686123
3.23163
2.180197
4.009674
7.641731
5.88013
3.818379
7.24679
5.161042
5.754887
6.388172
3.230105
6.650717
6.09077
7.614248
5.45298
1.249926
3.027375
3.230102
3.773796
5.895083
1.704526
5.550552
4.676791
3.06134
5.964179
3.99271
3.219147
4.512272
4.079467
3.847793
9.426258
8.918756
2.873794
3.892784
4.896764
7.299879
1.678206
4.957652
3.872748
5.009648
4.304489
2.61238
5.346167
3.124924
6.816026
4.316621
4.93814
4.16965
5.053935
6.757173
4.635317
1.127912
4.707154
4.813127
4.563654
7.032013
8.811144
1.604465
3.265744
4.918406
3.875797
2.035282
5.699618
7.438794
6.603185
4.962699
5.903167
1.034383
4.854083
5.209708
2.859782
7.95666
6.129364
7.691611
2.79602
2.571613
4.07052
1.663453
5.107775
1.234385
6.536224
2.73517
5.760336
5.434699
5.217888
4.924548
4.206584
4.76883
3.025116
4.299738
8.960834
3.32691
6.289946
3.660671
2.179983
5.042299
7.99754
2.128993
4.889354
4.847125
4.163377
4.110572
4.468653
3.965771
3.555191
8.983833
4.739847
3.99961
4.449011
7.999162
2.671243
5.980766
3.921325
6.872595
5.803359
3.487474
6.243376
9.414051
4.432036
2.367121
4.561424
9.440802
1.890577
4.069973
5.726236
3.385673
5.216179
6.24076
6.075534
4.04369
2.388941
2.866771
4.557807
4.235741
4.547241
3.993366
5.189636
1.337964
1.411174
1.827561
7.693743
4.402801
7.553172
4.669152
7.460116
5.639558
3.266387
4.66776
1.360505
8.205046
6.247912
8.251084
3.591295
6.117372
5.756832
6.967338
4.812586
4.206573
3.335072
1.846364
2.984334
4.721678
5.020393
3.771811
0.6214485
5.897392
1.261645
7.964374
7.878875
2.99198
2.665725
6.134187
6.131667
0.872
7.532565
3.713119
4.935541
4.479
2.308514
4.013272
1.083169
6.586246
3.278914
1.162527
6.236861
4.181776
5.291451
5.117588
6.111322
5.718015
2.539836
7.183781
6.1002
5.38167
3.039746
3.823838
4.389413
2.56574
3.122271
5.256878
4.639606
1.844184
7.175903
4.930308
5.547716
4.913936
3.589429
6.411607
4.728969
5.114532
3.72788
4.184349
4.432864
3.817059
6.167439
2.072936
3.048456
4.903941
6.105656
2.903097
4.89928
2.866543
4.551983
2.866884
5.293535
2.816
3.845667
5.242419
2.243839
3.910337
4.012453
6.709582
3.649907
2.194933
4.119644
1.036052
1.706083
5.241092
3.365739
5.073123
6.742219
4.448693
4.329053
4.60536
4.089019
7.130363
5.297928
1.237316
3.113675
4.853974
3.300539
5.992649
6.14516
3.523974
4.582627
9.003318
5.254933
6.327947
2.486048
9.148526
5.932357
7.955752
5.824169
2.052717
3.341145
3.024427
6.737386
5.124076
4.721024
3.903856
6.799435
6.033899
2.409624
7.462188
7.951986
2.178366
5.880054
5.898833
3.822757
3.708935
6.827391
2.359438
0.4353452
1.873377
3.876382
5.810806
3.085346
4.137122
6.259915
4.074508
5.744745
4.245841
7.357149
6.147764
4.928224
5.779768
3.556097
6.179517
0.3045163
6.086148
2.237037
3.008163
7.072526
2.72504
3.782285
6.562814
8.231995
1.973169
7.629818
2.515041
2.572725
2.845935
3.996768
5.160952
4.592334
1.354265
5.394738
5.813624
2.541475
5.777678
5.675061
9.628235
4.511557
2.675608
6.281145
5.968251
5.815704
-0.121459
4.566673
2.471975
5.900722
7.053264
3.726057
2.740361
3.265293
5.267388
4.238159
-0.214138
6.054604
1.67275
4.321917
2.465887
10.50924
3.670004
7.715562
3.977537
6.990217
8.039358
2.288043
4.493762
5.482992
5.099375
1.714153
5.395277
2.993818
7.677786
2.235998
4.510916
3.89545
4.076056
4.188751
3.738101
2.123343
3.835503
3.697793
5.254192
5.173391
5.086609
-1.273678
6.823729
3.231054
5.560245
6.215858
4.14435
4.223549
5.207872
5.345047
4.93649
3.120481
4.729001
1.564822
-0.2590795
4.968134
3.380441
3.548573
5.648381
2.448411
2.018894
5.356572
4.062729
6.012086
1.118141
6.760491
3.486805
2.028188
5.57773
3.600279
4.899258
6.792141
5.389515
3.843511
6.166477
3.966996
3.011905
2.917496
3.536972
2.086221
3.777855
3.619558
4.505202
5.52492
5.483035
2.453757
2.775386
7.060906
2.06297
7.745644
4.210444
3.985642
4.730896
5.14792
4.331243
4.057813
7.583951
5.955071
5.90723
4.655423
2.05826
4.458463
2.240694
5.455506
3.445845
4.46917
1.973421
8.125839
5.126249
4.982791
5.528757
6.809806
4.323973
6.419699
3.692417
4.536997
5.46923
6.687717
3.155139
7.807875
5.078088
4.123881
4.956506
7.598993
3.4662
7.749582
6.17859
4.832646
6.424007
0.07036495
7.666289
3.919698
7.167985
4.582395
3.409674
4.816711
4.477704
1.260972
3.101577
3.145009
2.190907
5.121972
4.211187
3.626313
2.456416
5.124208
6.366818
0.2982378
4.703291
6.493892
3.846087
7.556247
5.066
3.906905
3.773075
3.379219
5.149776
3.680237
3.506112
5.263058
5.886853
5.343355
5.802337
8.605522
6.682293
6.123354
7.948325
3.82003
1.099865
1.684494
2.652442
5.552594
5.80843
8.362289
3.894297
3.241398
6.624897
5.743412
4.808435
3.503679
5.47298
3.49837
6.292597
5.420857
6.704184
2.226424
4.243178
3.414935
5.230722
0.3924012
6.688838
4.318647
3.662903
2.762811
4.338029
2.738902
3.989136
7.253191
3.951116
5.664665
6.582843
5.682558
4.706201
3.463213
4.02828
3.144149
7.900941
-0.3561444
2.042515
5.514067
7.652142
5.288021
4.616569
2.18971
7.390774
5.701091
2.974386
1.984753
4.740573
2.537956
3.076302
6.529751
3.14245
7.15524
5.704787
5.846886
2.909054
5.903421
3.422796
4.624209
7.335743
6.212816
0.7397766
3.794967
2.558179
-0.8156605
5.620934
6.326921
7.410817
4.020292
4.165019
5.291149
3.112267
1.208024
0.6696494
4.850991
5.404843
1.949209
3.748813
3.454055
3.117133
2.973573
-0.2344203
4.739385
3.172552
1.219133
3.228446
1.944078
1.5165
2.687072
2.292947
5.640868
5.609315
3.737137
3.214676
3.885574
0.3945923
2.030999
6.057655
5.146707
3.466469
1.48016
8.442561
5.36024
1.77928
4.628992
3.507092
0.8052292
6.854039
1.660427
4.002992
6.05458
4.510767
3.50245
3.548074
4.138688
5.601526
6.345914
3.337352
3.560921
8.09296
3.641608
4.951334
1.725853
3.442513
1.611646
3.903656
3.664873
7.213631
3.076944
4.257723
7.999743
5.730491
3.899746
2.65805
3.305349
4.255559
2.645853
4.092721
3.944951
7.451204
3.865478
5.423742
1.183813
6.271673
4.275416
8.630301
2.080825
4.686637
2.342337
2.941156
2.637732
5.067183
3.551364
2.944925
2.186836
3.969156
3.310791
4.883012
5.590052
5.367639
4.915743
7.774111
3.568166
0.9765961
3.555053
4.299337
6.091282
4.154687
2.360068
3.735264
2.48579
7.2124
6.231661
3.324741
6.2946
4.875195
2.282586
4.931246
4.635592
4.735868
0.4618626
4.266135
4.678499
5.068459
-0.05099535
8.202042
5.266345
5.858793
4.49757
4.801358
7.457788
3.622022
6.905945
8.392069
2.300128
6.033182
5.507592
2.80096
3.326015
1.321428
0.7244582
1.524029
4.362917
2.156342
6.234014
5.683636
0.7078505
4.426637
5.241447
3.159186
3.873358
2.227465
4.698776
4.026942
5.729251
4.76971
3.872671
2.331519
6.712713
1.368177
4.042215
3.290659
4.281207
4.495446
3.145427
8.742157
1.958135
7.585332
5.910332
4.997416
2.482557
6.013388
5.004752
2.312951
6.661597
6.533576
2.861616
4.858128
3.804556
2.247657
-0.1079617
5.095809
3.235676
6.126115
3.876826
3.041423
7.271325
2.805307
1.523373
8.099955
4.506441
3.31024
7.685813
5.598555
4.493309
7.343461
2.551797
5.391124
6.934237
5.606599
6.476165
2.363909
5.504962
2.867656
8.220289
5.044232
5.097821
5.333803
3.541969
2.937027
4.110795
1.880285
3.511859
4.513367
5.839114
6.358296
3.563076
2.356899
6.518466
5.519161
4.716361
4.91248
4.027925
6.691502
6.100704
5.156986
7.575264
4.051785
7.284948
4.339766
3.773
4.980259
4.04584
5.285233
4.687201
4.428882
2.890511
2.64715
3.161151
0.09850264
1.061175
5.302873
4.98154
7.718803
9.718714
6.33057
6.434163
8.231286
5.374271
2.722003
5.248187
2.406235
5.620343
7.72448
2.422404
4.191875
2.637382
7.117194
5.517723
4.20209
0.3808322
3.624576
1.147621
1.033898
2.648817
2.082594
2.654485
5.564238
3.684062
9.482911
9.624246
2.936663
6.20057
3.636015
3.559192
4.613828
2.538459
2.842847
6.422365
4.207414
2.796232
7.13042
2.439089
2.765462
8.06784
0.3604302
5.586877
7.126047
2.241288
1.608396
2.257455
1.381288
6.813229
5.534375
7.466084
3.943372
5.377886
4.239168
1.743706
7.273938
6.436595
4.315794
6.839768
4.346847
3.516749
8.331484
6.446595
6.936708
9.197861
5.569188
2.725318
1.005326
4.853515
3.090489
5.811678
4.914686
8.360126
4.435852
2.499523
6.683891
3.470118
3.628493
4.769054
5.554982
7.272159
4.6537
4.324327
4.343214
3.590871
6.304505
5.692406
6.706676
4.144306
6.280449
5.482028
5.401376
6.594662
0.6096373
7.829642
6.948414
1.809102
5.336569
6.233388
4.967489
4.022845
4.653176
2.277933
6.585673
7.199109
2.522891
3.782608
0.4524875
1.793806
1.853044
6.062191
5.434142
6.465785
5.112116
6.52006
2.550957
3.499085
4.006335
3.944682
6.383818
5.49284
2.788786
5.061757
4.754877
3.492248
5.31337
3.799196
6.826935
6.432178
4.991137
3.59378
2.037921
3.014229
5.72099
5.616069
5.278155
5.970051
7.658792
3.276419
-0.377604
7.001769
4.540469
2.510296
6.231885
4.556924
2.44948
2.834842
4.797989
7.646602
3.881112
6.61981
1.370011
7.686339
3.647309
5.636058
3.42443
2.210963
2.957452
7.302534
6.32018
2.875213
5.484328
2.559841
3.446208
3.896959
-0.4818134
5.89161
5.133134
6.193275
8.63028
7.12311
4.469577
2.913258
2.473207
5.240294
5.818467
7.964912
3.266345
4.970778
1.515917
8.642506
3.592631
8.212272
7.127029
6.093243
7.283248
6.015971
3.351746
2.858955
6.030399
7.344977
6.955534
2.901876
3.623695
5.750108
3.472716
6.570539
3.979986
3.611486
6.90554
5.161462
1.229774
4.532479
4.151882
1.397124
6.873301
-0.06736231
3.306433
8.157314
4.441482
4.811111
6.969579
7.046761
7.38394
6.642111
2.255881
4.972554
2.300952
3.400337
6.688356
4.825643
4.557385
6.072257
1.962218
3.451923
3.981601
8.781337
0.5400939
5.272426
5.365826
2.76026
5.574023
2.207688
3.775078
3.278473
1.969353
3.346397
2.603652
6.039526
5.052592
3.175112
8.014226
3.947878
6.508432
6.162797
3.747393
6.199418
2.506573
2.403557
4.152601
5.72753
5.48524
7.236354
7.929276
4.82899
6.245192
3.134213
0.6637292
3.816184
3.442137
0.7655301
5.138662
5.184503
2.393511
4.166408
4.941155
3.14238
5.385161
4.026081
1.864408
4.751303
2.608606
0.9737027
3.551267
3.822413
5.844114
7.3942
5.197596
7.697269
4.959857
5.158576
7.690681
5.545464
7.638108
6.865148
-0.2187047
4.950658
8.788283
0.3078771
3.886286
2.510836
1.272772
5.499563
3.440055
5.587445
5.196851
7.398872
3.256751
5.329124
7.748304
2.60719
2.907786
8.278028
7.184258
3.437301
5.167784
7.058733
3.865535
3.180066
6.023957
5.410034
6.588939
5.850121
2.689981
2.946388
2.540667
6.032724
2.609128
5.594133
2.272801
4.987701
5.324224
1.931098
6.581788
4.201258
6.080647
8.972174
0.4848156
2.538474
6.906721
6.83411
5.102454
3.90903
4.202367
1.621423
5.377221
10.18842
4.582521
3.924483
5.1855
4.840321
5.57568
7.24305
8.65686
1.567092
3.718091
3.289471
3.829578
1.995426
2.630304
6.707047
5.776264
4.036533
4.932993
3.181227
7.445485
5.415673
5.872769
3.252132
1.98709
2.772209
6.558371
5.046805
2.638275
3.122602
5.581127
3.992261
4.853622
1.347207
2.184693
2.35991
4.900979
6.561901
8.077824
1.660336
4.503925
3.708961
3.682157
4.90524
0.9479423
6.162349
3.997149
3.534103
2.85433
5.854398
1.278844
2.653461
7.068891
1.370059
5.596988
5.280791
4.851214
2.357563
5.712442
4.394218
4.639134
7.62449
8.432383
5.604531
1.331787
1.937291
7.142336
3.540869
2.979439
5.142707
5.066756
5.193247
2.075802
7.587989
4.153286
2.803288
6.769236
3.648664
2.889165
7.765372
7.12065
5.835949
5.075706
2.089414
7.07914
5.816189
2.974656
5.17204
5.907759
1.233498
3.482627
7.124992
9.059212
4.175288
3.540619
3.5359
3.736526
1.889944
6.132121
3.531491
2.800635
1.827374
4.35983
4.044413
2.701379
0.8764553
3.377459
2.850941
4.403626
1.311094
9.44976
4.445809
7.350411
7.117783
4.324079
3.645481
6.657098
6.421889
1.644882
3.69013
4.026334
5.991502
4.040064
1.876651
6.552748
2.966231
3.593583
5.965508
3.874553
4.517121
2.747965
4.094491
5.687969
5.002417
9.359476
4.275196
6.875984
7.241549
3.252364
3.479303
6.203316
4.8557
5.704786
1.888089
6.300395
2.629772
4.882786
5.897011
7.529427
2.813519
5.778865
6.076489
7.037221
3.942147
7.854631
4.828231
4.55725
5.903608
6.434939
2.508285
2.586569
3.514501
4.893125
2.102984
8.582281
1.705603
8.424765
2.468493
4.063219
2.208101
5.987157
4.239516
5.300492
1.082081
6.602218
4.492493
4.143819
4.327856
5.169287
4.084113
3.841896
5.843626
5.937551
5.911709
0.17591
3.1357
4.299287
1.795912
5.148322
2.068744
3.335032
0.09922457
3.510188
0.8774943
3.238897
2.141478
5.329219
5.720741
3.077308
5.335138
3.617537
5.097375
5.281933
5.735065
3.099195
4.484314
4.354958
2.26459
3.019324
5.226419
0.3741245
5.164852
4.574082
5.933634
5.814749
4.959126
5.532101
5.717917
3.451411
5.968961
3.257704
6.486865
3.51498
6.060973
0.6872666
0.5373015
6.170506
5.383236
1.882939
-0.7654481
6.5907
5.306735
3.743823
4.280019
4.904485
4.656029
2.18208
7.072125
3.401683
1.822517
6.944776
5.791692
5.932059
4.949496
2.785793
5.533652
4.24801
4.590344
5.492304
5.612066
3.271225
2.106445
5.675888
3.083609
1.45747
4.854437
7.079958
6.822889
5.12624
4.436555
5.623198
4.378475
9.015956
7.752843
5.795524
7.580491
3.487204
5.733916
6.691146
6.946898
4.435273
5.608101
5.471534
8.343807
4.208561
6.371436
5.481297
5.717339
7.311841
2.90086
3.541327
4.774753
4.993844
4.592827
5.177915
5.319248
5.034151
6.509593
5.704207
6.959145
4.293939
4.145447
2.604864
5.932414
4.551998
7.152446
4.606876
3.60652
5.827157
3.917498
4.685446
5.896222
3.302748
2.720557
4.890414
2.39183
2.101729
4.678085
4.91249
4.598672
2.587925
4.99621
3.350365
3.743722
4.197136
10.78118
2.987085
0.8351872
1.739969
3.933182
1.077972
5.444367
4.095758
5.570999
3.795736
4.167971
4.065003
5.493191
7.109415
7.732568
3.151473
5.397338
3.996398
3.969747
5.722863
7.949389
4.714967
4.548571
6.766634
2.191053
4.425835
4.862883
7.696483
2.860457
6.991429
8.004226
1.756866
2.840301
0.8708022
3.830186
3.519523
7.448336
1.321618
2.686654
6.783
1.475822
4.97438
2.728496
2.375061
2.060785
1.784554
5.179155
5.702897
3.881255
4.850829
6.071725
7.546789
6.280126
1.108258
5.094318
6.514861
2.447203
5.799625
4.495481
3.884658
4.643659
7.644198
5.948743
5.504119
5.122256
3.091691
-0.6756225
5.259048
4.275345
3.25881
1.127184
3.0004
8.835023
4.910116
2.558956
2.744904
5.61518
2.165357
2.195261
5.474758
2.876251
4.167008
1.479753
3.183598
1.751475
5.305731
3.743098
3.241656
6.227126
1.45979
2.259272
5.107442
5.076468
3.46768
7.129392
7.617296
7.270601
6.805182
4.27747
4.706711
7.230141
7.330204
4.926902
6.391467
6.509397
5.100821
5.395887
3.029788
6.619266
7.728
5.40785
5.190955
3.497373
2.656587
3.999512
2.550562
3.775218
2.605901
4.77246
4.780877
5.643864
0.4264736
7.634779
3.429674
3.388105
5.150842
8.009971
5.987248
7.815316
3.381266
5.841997
0.676055
5.284677
3.898833
4.18238
2.871617
3.800062
2.821005
5.056111
3.16707
6.127602
1.847584
7.718825
3.144358
6.830113
6.521296
6.685897
0.7983048
7.948048
4.778399
4.479593
1.962946
-1.291411
2.15624
3.977408
3.839833
2.824464
6.638651
6.429759
4.547534
5.212634
5.065578
4.541548
5.789864
2.479455
0.9740059
2.922207
6.538974
3.73926
4.455153
3.704454
1.434876
4.232214
3.521926
5.937026
8.459146
8.004086
0.8583422
1.767747
3.681896
3.987341
10.41989
0.8890679
4.003298
1.731424
6.825816
7.799604
4.675889
7.478717
3.673424
5.926784
7.579598
5.628917
5.112854
7.547714
5.848854
2.588562
3.040862
3.85328
2.172832
4.935338
3.890416
5.728746
5.458743
4.913089
3.146335
4.928551
6.914075
1.802709
4.05733
5.503075
7.198499
3.612886
3.640288
4.902811
7.836031
1.808838
2.836027
1.351894
7.054569
2.82587
7.186021
4.660933
5.756638
6.672719
4.770529
5.048258
6.454081
2.405426
4.575279
3.898045
5.685738
6.335499
6.610337
8.294709
5.667072
5.988581
4.891894
4.265857
2.640328
3.496653
4.114793
3.681367
3.820185
6.151958
3.988092
6.782048
5.83278
7.393305
5.956226
5.73557
3.792053
6.172638
3.663437
5.422337
1.82221
3.308207
0.14675
6.838729
7.454473
3.692966
3.969869
4.811408
1.296954
7.991953
6.121554
6.940538
3.554054
7.386354
2.081686
3.297831
3.056936
3.972343
3.346149
5.519434
3.184132
0.4045782
6.574767
5.353956
2.880169
3.547301
9.072199
7.216384
5.147893
3.967643
4.33462
1.120336
4.10854
4.218398
0.7733736
5.022379
7.735026
6.239588
4.242766
6.654572
2.268149
5.797935
1.646674
4.480627
1.744689
1.915132
6.076593
1.453254
6.679118
8.345202
5.552442
2.319743
4.918443
3.530098
-0.3101559
6.44707
4.08198
7.723684
5.775653
4.042951
6.3009
4.231478
5.668665
4.856669
4.370672
7.965076
1.665122
1.832676
3.047498
4.7938
3.13901
4.352194
4.613764
7.665422
3.09649
6.546634
4.197217
7.985594
4.287678
3.929682
3.705614
4.137036
7.422636
-0.4844069
4.561909
4.517483
4.282397
3.479202
3.295815
6.720495
2.151124
5.98849
6.757662
8.364459
6.028374
3.953368
6.534692
3.464036
4.309246
4.194321
4.486807
2.135463
3.636189
3.496921
3.012174
1.198365
4.297387
7.122405
4.901709
7.182523
5.225728
1.833579
5.607295
0.3194451
5.043902
1.932313
1.526609
5.535976
3.469474
3.347594
8.895498
6.974399
3.504591
5.032159
4.172763
5.779055
5.751428
2.481077
4.197165
3.617349
6.981452
7.646085
8.847849
4.459838
1.407332
3.33718
2.535651
2.78594
5.244125
4.817967
5.73783
6.634318
6.873471
3.149614
6.738336
3.460688
3.039088
6.00929
6.346483
5.711782
7.250113
8.02911
4.952479
6.71706
5.460661
6.068599
8.029091
5.29084
3.126476
5.189526
6.821627
3.652996
6.327313
3.129393
7.278407
-0.9181356
2.288574
6.662947
6.858814
7.206188
2.994147
5.657312
6.720273
4.435461
6.425845
4.170451
7.779417
3.458768
7.998664
1.93241
2.684571
4.205865
7.965334
7.185703
0.9478123
3.806501
2.705655
5.212692
5.65722
5.96851
4.376787
4.752863
7.395822
5.828476
2.930256
7.771533
4.430943
5.772786
3.963275
5.758974
4.021548
5.344467
5.330175
3.020356
6.266896
3.172983
4.987214
4.525171
4.819244
7.976991
0.9326515
0.8131833
4.728615
3.034303
4.199918
4.764743
5.657627
1.184018
2.427722
1.65348
7.165593
4.813787
6.644848
7.833634
3.667883
2.485951
4.433881
4.77458
4.446093
4.609002
4.103618
7.100282
3.36625
1.725615
3.746096
2.897812
4.496612
3.134182
3.767506
2.796211
3.791979
6.493546
4.170062
6.405344
6.975351
3.484705
5.415265
4.60457
5.067069
3.261432
4.640944
6.108989
4.721398
5.014007
6.895737
-0.2348924
8.90716
4.619963
6.589136
2.848419
3.10258
6.611278
4.807746
4.510386
6.875568
3.609196
7.52854
7.08578
0.7400491
7.04965
6.746654
3.762206
3.400018
6.166239
4.361965
4.50115
4.419774
7.47667
3.122655
2.633202
6.777464
5.815201
10.78393
-0.1679196
3.629954
2.223839
7.058666
4.122584
4.519641
5.259254
3.285706
3.265672
-1.514836
3.608674
4.88474
5.207019
5.94551
3.894491
5.08857
2.976179
4.884564
3.864033
3.396922
3.997843
7.489857
4.271851
1.947593
5.259941
5.057081
5.750919
5.018118
4.643324
5.816797
4.15026
4.750733
1.226255
3.317587
6.142725
1.263452
4.460506
0.34233
3.91592
5.980576
4.996803
6.164983
3.885426
5.749084
0.5561833
4.19547
5.779891
4.849816
3.971468
1.052922
3.630517
2.144333
7.987362
5.6826
4.680955
4.4581
5.158285
3.628724
2.603146
2.973314
0.1719599
4.140829
4.424407
4.390347
5.428537
4.907987
4.232444
6.118454
5.313188
4.017515
5.889737
1.823825
3.478351
7.482872
4.720349
4.883328
8.364977
1.923827
4.589619
4.240895
5.117039
6.123425
5.866454
4.247214
6.094028
3.60915
3.589772
5.821728
3.681461
1.919558
7.341701
8.024172
9.765409
4.379842
2.635139
3.167566
5.322104
5.216972
4.866673
5.772204
6.088563
6.235311
2.267788
3.304538
3.935751
4.511152
3.584299
4.112022
2.91965
5.754131
5.036814
7.020661
5.320193
3.886527
1.352077
4.345353
5.018423
5.266412
2.510981
2.611476
6.858751
4.469294
4.437964
6.224638
4.826729
1.392591
6.218957
6.144713
5.577756
3.310573
2.135854
3.338394
6.888301
3.124481
8.467457
3.608405
5.8944
4.849457
0.01784992
5.845148
4.715122
6.208358
6.010741
1.322532
4.128225
5.005281
2.953632
3.338971
2.924753
8.215076
6.057216
3.550068
5.357256
8.04067
6.039304
4.356274
5.004585
2.937582
1.388739
5.436223
4.118004
3.56142
3.444694
0.2823925
2.697274
6.015425
5.464108
1.345936
2.376143
3.960606
4.599125
4.250962
2.456287
5.015552
3.416729
5.800762
3.823341
-1.048219
3.870096
4.871403
1.423852
4.750745
1.611952
7.190578
5.007299
3.699528
5.533248
8.378566
1.107935
5.83153
3.296305
4.845994
0.6626649
2.790249
3.601857
5.324679
5.019947
3.397845
1.599988
6.690812
5.915226
7.260403
6.322365
3.348696
6.058956
6.48142
4.761144
1.433483
5.389868
6.287336
8.276157
5.400081
4.159934
6.742281
4.976917
3.523346
6.250113
6.47128
2.508662
1.575271
5.210495
7.7774
4.02751
5.573232
6.434648
4.080068
4.094405
6.024311
4.772153
7.140665
7.934527
4.055534
4.470291
7.106043
5.036156
5.544814
5.46311
3.383466
0.1772575
2.490465
2.70301
4.142925
5.335213
4.592135
7.781056
5.179973
6.988039
5.297944
7.851122
6.318401
5.603466
4.291926
2.222367
3.308955
5.630088
6.090605
5.077834
3.216992
4.580458
6.551868
4.126482
4.001549
4.352219
4.654519
4.728548
0.4058347
3.568041
6.425982
7.502742
6.378934
3.818848
5.186695
3.441982
3.815043
3.378194
5.06227
1.772336
2.489069
3.4497
3.749765
5.103343
4.162464
5.699597
6.234593
5.395142
2.050642
4.947734
4.278481
5.932026
3.428324
6.655101
5.179295
7.312238
4.467714
4.066228
7.426986
6.037174
6.486435
3.404598
2.988909
2.405599
2.129068
5.930583
3.062978
1.275732
4.511422
4.109662
4.441223
5.806033
3.988653
3.800241
4.236181
2.824917
5.669136
7.112456
8.048147
5.860923
2.412748
2.840604
3.061746
3.489064
7.14385
3.845536
2.543908
1.501613
3.089597
5.563193
5.741052
4.567724
5.450976
3.743498
6.25478
4.192312
3.118187
5.610629
4.240723
7.094239
2.706429
4.184266
3.079082
5.136597
2.64266
5.610736
4.33559
5.077212
3.927062
6.275423
7.30067
5.193114
1.334326
7.343742
4.465214
2.713273
5.072402
3.082885
2.021942
6.287797
4.701069
4.374133
8.177032
4.449972
3.571291
3.871835
7.786975
2.659498
3.279061
2.712382
6.747401
5.357718
2.31837
3.947093
0.5167644
5.39556
4.428422
5.009181
3.5081
2.737854
5.90493
3.930121
2.11675
7.886136
2.481173
7.329967
8.575731
3.084445
3.614199
5.797049
5.493554
8.602713
3.896325
1.880827
8.65506
3.597299
6.548995
1.376899
3.099291
4.373485
1.838374
0.4793339
3.147306
2.758715
5.689231
1.899123
6.358845
7.369431
2.507938
4.549746
8.44449
5.686409
6.365292
7.040688
5.652842
2.83838
5.238744
3.483136
3.519625
2.565636
3.511913
3.340782
6.975784
4.316202
7.828085
5.753797
3.183445
4.635657
2.321399
6.843143
2.497745
2.843327
8.961105
5.788674
1.266109
5.861538
1.468499
5.745764
2.764465
4.69382
3.982698
6.561576
4.954523
1.21289
2.870859
2.762129
3.471196
6.922095
3.768492
4.730721
3.769242
4.46973
2.647751
7.208951
2.408205
4.94101
8.058567
3.753503
8.199091
5.667941
6.287017
7.333652
4.764318
4.560195
4.827211
8.002161
6.905288
6.956601
5.09046
4.754378
3.101888
3.837878
5.122427
7.671678
5.044894
2.179971
3.847922
4.431225
2.987545
4.520795
4.190852
5.092628
5.445413
1.400841
4.774552
4.66768
5.60473
3.613749
4.427314
6.544114
1.962018
4.984363
0.8245909
5.682499
4.202696
5.931156
4.64112
6.726214
4.273985
3.448556
3.659845
2.88451
4.656229
5.992191
2.567233
5.82911
2.390475
4.98234
6.083766
1.958809
5.810208
5.39117
4.155035
7.140265
4.13835
2.00224
0.8983104
5.988644
3.614848
4.385756
4.952182
3.906337
9.174525
7.93808
6.061529
5.745965
3.167284
1.605504
2.736543
4.993539
6.836167
6.586082
3.920279
3.535766
2.148926
5.433924
2.025487
3.704424
2.209192
3.487313
1.336588
2.855486
2.141628
2.748674
3.060984
3.91434
3.103029
2.051764
2.479572
3.464081
4.596142
1.677233
2.20214
4.289035
2.329783
3.218681
3.75811
3.650435
0.4961495
4.43959
7.619516
2.189648
4.630511
4.282808
4.449343
6.765696
5.571699
3.257358
2.049136
7.322849
4.865261
2.216743
4.61517
2.8534
7.999878
-0.05902672
9.490141
7.117242
5.946824
1.956703
3.61197
5.371045
4.006419
1.084824
4.972003
4.846227
8.972815
3.682428
5.633938
2.636549
5.253174
6.375775
1.72932
4.380558
0.5359225
6.759498
3.142375
5.695052
5.146972
4.170992
6.839325
6.919364
4.494215
3.130293
5.452987
3.058018
5.392965
6.983608
2.767664
3.944418
3.547973
3.590132
1.691714
2.411314
5.708861
1.866612
3.864748
2.790959
4.638153
3.705341
2.281016
3.615686
3.379134
2.322885
1.392866
6.006141
5.040379
2.850998
3.930746
4.251915
5.404607
6.332206
3.163876
5.218195
7.087438
2.058497
5.835454
6.210409
2.75485
4.963937
5.27422
7.646623
3.764191
4.957549
3.517206
4.608171
5.750444
6.11496
6.906143
5.283204
4.252435
7.931671
5.155615
7.272612
6.997162
2.985683
6.518507
4.107871
4.762624
5.427863
4.528088
3.629624
7.037383
3.402113
6.044279
4.622842
7.186827
7.351018
5.534004
4.557259
0.7658021
4.054956
3.475678
5.598322
4.41964
6.237509
4.780954
4.248456
4.264187
6.729343
2.40648
2.878062
6.309461
3.828498
8.198527
4.561864
5.905336
5.962844
2.77753
7.407966
3.375156
2.565672
6.450549
5.100754
5.654536
7.64037
2.445539
2.624083
4.459439
7.86179
4.722124
2.871255
4.670487
6.086441
4.802124
0.873127
0.9309819
8.478371
4.737066
3.60102
4.903865
4.791418
5.0391
2.101635
3.881165
5.817898
4.372401
2.158621
4.169431
5.966559
4.169016
5.896935
8.910464
3.301503
6.803745
1.853519
7.2888
4.284789
2.141527
6.596417
1.31099
6.037382
1.739507
4.071155
5.258371
1.17507
4.343145
2.627254
3.755761
1.194329
6.590569
4.488051
7.945189
7.673889
5.655869
7.156836
4.340911
5.042173
5.603892
1.936636
7.481655
5.048544
4.792233
6.176065
1.733657
8.657296
5.22814
-2.388543
4.61906
3.503904
-1.571423
7.134189
6.682637
4.942827
4.346295
2.95338
5.622027
5.682175
3.270439
4.118348
4.519941
5.677859
5.005648
3.603392
2.991306
6.781177
6.466319
7.515274
0.7912662
3.642717
7.356567
6.169503
8.097564
4.335063
1.124488
2.596652
7.146874
4.671664
4.366623
3.2559
6.629098
6.376803
4.442993
3.004543
6.264819
3.006723
5.675756
5.124244
3.06871
6.493274
2.740943
4.366267
6.394459
4.961881
6.319147
0.2836504
5.989289
4.899873
7.73043
3.079463
4.424452
6.417043
3.82669
7.957626
4.120121
2.335805
2.375363
3.929436
5.543846
7.032244
3.896363
3.688918
5.212716
6.616106
5.18781
4.497409
2.796463
4.200881
8.387901
1.741822
6.666482
3.139705
4.980867
6.285816
3.338388
4.151004
3.974524
3.908896
5.268321
3.686136
2.6707
6.036059
2.468855
5.840249
6.212975
2.855638
4.110847
4.798621
6.763384
2.270169
6.127891
8.334406
0.9663076
2.714233
4.445384
2.885829
7.757879
7.323001
2.232678
4.609008
5.582209
4.998748
4.978264
6.587429
4.81613
0.7241771
3.371097
0.6239123
5.065542
5.573354
1.809417
6.57113
4.542433
4.310335
4.730852
8.478512
4.791237
5.057594
7.760363
6.24837
8.900536
3.172155
6.988221
4.854072
4.170355
5.399935
7.381299
6.991926
5.905413
3.241294
5.148026
3.997476
7.537024
5.332154
7.018601
3.435074
5.474367
3.263006
7.1632
8.460883
6.70862
4.290399
3.172982
6.168178
3.900677
7.669271
3.12018
3.786295
4.304844
4.472003
5.042737
3.74658
5.309423
4.126331
3.624079
7.171973
3.133804
4.732908
2.495306
2.81202
3.075513
3.029843
8.2257
6.031621
7.003605
0.7577827
4.610326
5.847512
4.935743
6.279857
5.968816
4.208097
4.288203
7.383144
3.800656
4.629199
5.460407
5.074271
2.239609
4.82896
0.6610854
8.011189
5.051498
3.257904
3.518453
2.516866
8.338256
3.125193
2.005912
3.684873
7.484368
6.495296
3.995386
5.009721
4.477913
5.20139
-0.3131599
7.117156
4.287019
7.076255
5.23701
5.475885
2.766524
3.47774
6.940224
5.564497
5.031219
0.2988
5.078522
0.8790593
7.014931
1.568928
5.443289
5.00001
0.531724
3.488434
7.689675
4.947864
1.960487
6.850121
4.185851
4.892564
7.553104
5.51288
3.553553
6.079804
0.9330287
2.661593
4.231736
8.182783
1.266383
5.970988
5.531375
5.126709
0.5837917
1.4261
5.628105
6.789399
6.069749
4.997793
6.224573
6.834616
5.56082
3.048565
5.653096
1.428325
1.436535
1.748998
6.747248
2.349356
3.15739
3.586572
6.071578
4.709385
4.561384
3.085774
3.581795
3.676838
3.193513
2.681564
2.274156
3.440836
3.312574
7.822971
8.056509
4.921142
7.157405
1.664444
4.245354
6.225001
6.879635
5.920407
3.224192
8.158515
7.532636
4.163975
-0.05898762
1.162568
3.523187
3.063647
9.045555
6.152241
5.111784
4.606796
4.074029
5.32965
2.700738
5.765597
6.657692
2.766055
4.342498
2.263688
5.163628
2.413051
3.363114
2.522993
3.736454
7.932148
3.021213
1.03913
4.421118
4.865534
1.500993
4.212835
3.395087
0.4368196
3.363133
4.910298
2.97543
2.85518
5.801879
2.395648
1.743031
6.365673
0.8507891
5.117913
3.167076
6.615482
7.661388
1.76336
2.401315
4.641859
4.630729
6.602345
7.496408
3.213181
5.888724
6.253964
4.72599
5.141209
5.159666
4.352683
2.154217
2.12156
2.785914
2.289114
5.358522
6.959089
4.544061
4.31546
4.788106
4.602167
5.073188
4.081035
6.451251
3.156775
5.01869
1.093201
4.24719
2.36319
5.80326
3.389896
2.569267
4.372257
6.209038
3.859477
1.852798
2.279848
1.769449
5.53372
5.496604
1.851774
4.329088
3.501293
2.106543
3.466013
6.725884
4.598657
1.577136
5.016762
11.232
4.712429
3.639447
2.123673
4.092628
1.724248
4.237211
-0.1746492
4.303128
4.131079
1.538208
6.217316
3.811367
8.756382
4.04244
3.850956
6.993897
3.485494
7.38291
3.541367
5.600422
3.806916
3.11146
5.766571
3.777463
7.948075
4.298861
4.26876
4.500098
3.849879
7.573835
4.375139
3.059296
8.319874
5.407826
4.656555
1.11787
4.105726
2.481924
1.67236
5.016213
6.130783
6.976247
2.337182
4.672394
4.881068
4.371385
3.011056
1.80815
2.495212
-0.3261213
5.159663
6.356124
5.150301
5.041942
6.56024
4.283176
3.916006
6.948117
1.349264
4.010363
2.18562
4.78376
6.44258
3.483838
7.00052
4.36182
4.01559
3.553692
4.899508
2.042694
3.658975
1.493252
5.259161
-1.175838
3.045068
-0.01714039
3.481466
4.457679
3.368235
3.27389
7.414441
4.391018
5.738915
1.762208
1.314316
4.475627
1.195599
2.724894
3.593111
2.185606
6.601105
4.50107
5.104625
4.444778
5.234032
3.333702
9.246361
4.192997
3.849812
5.392992
3.917409
4.601651
1.551387
3.056792
3.832623
8.230934
5.329577
4.755115
8.860013
3.437932
5.031984
5.175553
3.19712
2.211854
4.803328
3.257946
6.858854
4.055305
6.357219
4.961859
3.499492
1.325621
5.677291
6.069095
5.276675
4.221437
6.505794
4.408233
4.772541
2.708465
6.463142
2.786055
5.706912
4.956028
5.426516
6.242333
1.331985
7.112443
2.494573
3.004237
7.895881
3.556953
6.705953
6.199485
6.120117
4.280326
4.119412
5.218798
2.201191
5.988389
2.37568
1.868422
2.753514
11.71968
3.596948
2.751024
8.807871
4.213983
6.37234
2.783272
4.405817
3.940358
1.853111
4.656441
0.6448107
6.563393
6.108511
2.757661
5.230908
3.636741
4.800728
4.997077
5.796966
6.513162
6.337023
2.685107
7.729788
5.581059
5.944253
4.045438
4.704929
7.713794
4.523164
4.657457
3.065564
5.090025
1.384435
2.086915
9.747777
4.126008
0.3846126
4.848192
4.424965
6.010864
2.896443
4.774813
8.145449
3.943457
10.78449
0.7387269
4.084734
6.357512
2.973281
0.7180431
4.079419
3.024009
6.249095
7.107359
6.416014
3.036132
3.91529
3.320517
6.530664
4.725829
3.47292
5.18454
2.413119
5.828326
0.5856471
8.138302
6.810458
6.401516
0.5561323
6.378732
7.838396
1.176435
2.454214
5.206078
1.272787
5.669726
6.455528
7.417021
3.297909
5.550061
5.968171
6.247167
6.571177
3.903724
3.616903
1.950156
6.173022
6.272347
2.352929
3.67109
2.826611
8.444303
7.692539
5.051655
5.839899
4.537871
2.858712
7.989334
7.837489
6.385011
5.723174
4.051977
2.105898
4.008127
5.597876
4.873297
2.548386
1.493868
5.575561
2.631657
2.65345
3.538933
2.816181
2.799629
5.441199
4.981707
4.412469
5.673268
5.858413
6.071007
6.519427
3.695181
2.305758
3.602753
1.986581
3.383209
6.400441
4.626356
2.847544
6.646415
4.025434
5.532518
5.188786
4.588255
3.61375
5.394535
4.751817
4.369898
3.973674
2.076644
2.919883
2.219982
8.455524
4.979527
1.519442
7.543813
3.430402
3.691453
0.2690711
0.3091841
3.504722
5.138647
3.896603
4.196692
2.349883
3.892269
3.579619
3.31074
3.708281
4.631026
0.08383179
4.284619
6.476644
4.103461
4.328744
2.596382
5.428465
5.056225
2.844082
3.50219
7.327888
6.943916
1.88837
4.529961
3.690313
5.984933
2.121772
5.161671
5.462616
5.257468
8.596136
7.789449
5.768541
-1.579942
5.543244
5.420588
4.349908
5.154294
5.208676
7.342876
4.662517
4.18845
4.274117
2.750262
-0.6721215
4.025922
6.6029
1.313751
3.65483
3.958138
7.4656
5.893891
7.129917
6.896022
3.932519
1.307054
1.623585
4.433918
2.977733
5.126159
2.128373
5.035371
7.139522
2.358578
2.203769
4.472753
4.433045
3.563216
5.233073
-0.7958732
4.525729
2.844753
2.96148
2.627903
3.665135
4.997342
5.952471
3.304645
3.361934
2.747997
5.755844
5.022745
0.1697721
7.96543
1.868405
5.546131
1.876648
4.037913
1.026221
4.316453
6.709394
5.929486
2.672601
5.429944
4.460907
7.486215
7.519309
8.906569
3.30499
5.067403
2.889848
5.267417
7.501882
6.449987
2.27359
4.359987
2.303863
5.416965
4.091799
4.413703
5.876581
4.931117
3.735266
3.553934
5.198724
1.810993
2.895496
4.30905
0.5427415
6.89044
7.537379
5.8194
0.5992682
4.451085
-0.4033585
3.854743
2.249624
2.475206
3.072103
3.561597
1.918517
3.060925
3.908971
3.634665
6.51637
3.412418
3.770136
4.34185
2.245295
6.937794
7.109227
7.226531
0.9753687
4.445235
7.240818
2.982779
1.909379
3.165677
4.831918
5.13214
5.33872
6.10955
2.20063
7.943422
3.913036
4.592648
5.218252
3.929803
2.248342
1.989079
4.181285
5.245617
3.321594
3.552696
4.370332
5.68923
4.987165
3.684967
7.571521
8.065472
6.215221
2.485102
5.125607
4.42589
3.6908
3.155862
6.989198
4.231965
7.303895
8.249564
1.578284
3.835155
3.305254
-1.022679
0.9925585
6.124579
5.338664
7.571042
5.928555
4.559348
4.207161
2.672135
5.509717
2.935182
6.713737
3.648913
3.077455
3.839787
3.365501
2.926278
1.651347
1.675127
3.581346
2.101878
3.500206
3.10007
5.699371
2.965722
3.587622
5.088151
8.322502
4.785028
0.8032167
3.853714
5.107172
6.293621
4.280194
8.446238
5.422002
4.936838
-0.2257166
2.881612
7.816638
6.452375
2.296464
2.779943
2.064849
6.942027
5.390448
4.361453
2.490834
6.7574
4.156702
5.106849
5.038793
1.83051
3.046167
8.285029
4.540952
5.519963
5.747505
6.13087
5.216842
3.587763
4.592956
4.58771
6.405602
5.181787
5.269849
5.69637
3.32879
6.194914
6.152678
3.226847
4.557766
2.848333
1.787863
7.749007
4.931035
4.535851
3.675394
5.062391
6.667173
5.154366
5.189163
4.621771
5.574768
3.251459
3.805023
2.450453
5.509115
2.90243
5.473453
3.242506
2.905101
5.577127
3.086754
3.808827
6.982091
2.6816
4.84651
4.28943
6.087073
1.035133
6.57874
4.067251
3.137892
3.386415
3.59138
6.19458
4.727609
6.122229
4.35816
4.007747
5.065329
4.611415
6.169816
5.122322
3.413538
3.780541
8.477163
1.755707
2.519554
3.388166
2.374247
7.827334
4.785413
5.759575
5.583213
3.510162
1.439744
5.608428
3.502788
6.115687
4.329818
1.989178
3.472347
3.88294
3.372561
4.771937
3.861562
6.333185
3.812711
2.541842
8.245472
2.372643
2.724537
4.31072
-1.394636
0.4532919
2.685962
7.081816
2.156194
6.093735
4.44983
1.784613
5.104457
2.387344
0.1755977
7.827565
6.224734
5.383873
3.191667
5.012132
3.214497
0.5945129
4.640653
5.33752
3.908176
4.287741
6.840652
4.754623
4.338706
4.447165
2.432405
8.687445
6.154626
3.716119
8.753516
4.728701
4.463171
2.336878
4.894258
8.675379
5.747076
3.852238
1.856241
3.211762
5.040876
0.3292928
5.223604
7.798124
2.091617
5.589914
7.04438
2.065248
6.866667
4.012106
6.505158
4.344774
6.356755
4.56403
5.670533
4.511009
5.215931
7.282321
7.764423
0.2086449
5.156709
4.152962
3.566937
3.129743
4.769755
5.381995
7.642756
4.914193
2.055827
7.238337
3.157024
4.629444
6.318699
2.461676
6.327263
3.943532
4.831584
7.02246
6.695192
9.974257
6.63027
3.853838
3.952354
4.351125
6.481013
3.104255
3.471311
3.591103
5.622944
1.904742
6.751148
0.1313848
7.403235
3.192441
4.855747
3.18484
5.719734
4.471005
2.899526
5.653585
5.65106
3.047257
4.250349
6.303793
2.180392
4.994667
4.102177
1.719455
4.029183
6.032046
3.662323
3.619153
4.515409
4.902505
5.255942
3.758971
4.042551
1.638961
7.044145
0.725095
3.847247
3.352267
5.945945
5.617421
2.730336
1.578348
6.059661
0.6616309
2.239972
3.449601
7.958506
3.275611
6.804109
4.866661
2.479154
3.930338
6.798626
4.188333
6.650565
5.641943
4.209873
6.246658
2.344137
5.827255
1.24565
6.598551
-1.709852
4.793527
3.296216
5.480994
5.21244
-0.5172648
3.664557
2.4359
4.882548
4.697742
1.90795
4.943636
2.378368
6.110632
7.307376
0.8776977
3.79534
-0.7509732
5.600536
3.310703
4.709335
3.192927
5.994906
7.60821
5.296952
6.666561
1.930568
4.028339
1.10113
1.297008
2.557384
6.813848
3.741406
5.792943
6.143013
4.74813
3.401476
2.111473
2.996185
4.127047
5.841747
5.503443
5.302029
6.395093
5.383554
3.394981
4.810551
2.15817
1.194215
4.488727
3.823673
5.543231
3.994026
2.461327
4.259445
5.004542
6.085703
4.327144
4.100833
3.084951
5.997544
7.514598
9.347106
7.569423
2.995994
5.155439
3.622554
2.841804
4.579541
3.813169
3.012261
3.935315
4.956607
6.562713
3.106651
3.239532
7.400764
5.247199
3.136366
0.1352267
0.359035
3.907401
2.519799
1.390385
8.071472
2.649245
4.278197
7.729338
7.596168
4.076455
4.299468
4.808397
2.696744
1.36371
6.757118
8.070622
6.196404
5.995367
5.812536
1.218131
5.753521
2.09997
5.72314
5.206093
4.207981
4.710368
6.700027
6.044935
3.169176
6.081521
6.737269
4.983637
-1.910881
5.571317
3.339624
3.889058
4.474949
6.579823
5.866079
4.025423
5.076141
4.590673
7.592929
3.380726
5.035565
5.56667
3.033687
7.025927
-0.3647895
7.298477
5.088031
8.284073
6.647082
2.686832
3.528008
2.006176
4.006149
3.98658
2.538854
3.335376
2.927985
6.187432
4.512769
8.566475
3.289981
6.066066
7.834583
1.769815
4.439335
6.437001
5.189695
5.88799
3.689247
4.579408
7.354353
2.848053
6.974275
3.357406
3.005837
7.349994
5.557783
3.473129
8.222575
4.860674
5.515162
3.897167
6.802175
4.176867
4.562594
3.838068
3.416558
5.078413
3.056322
3.688158
2.234609
1.840445
-1.063861
5.607592
4.016624
2.951766
7.980258
7.805358
4.16871
5.487003
2.622933
4.846378
7.674825
5.139646
7.987171
6.857835
2.239221
3.340086
8.03439
5.29024
3.367506
1.690141
3.464406
3.465735
3.959362
5.40383
4.608657
8.03646
4.522986
6.25928
4.182679
3.358017
4.631441
5.399533
2.731419
5.081474
7.211297
8.252059
5.583243
0.7236381
2.709676
3.412673
7.760679
4.055189
3.578928
5.762799
6.394005
6.095459
6.574243
0.246099
3.983253
3.746228
5.533238
2.923545
5.065603
5.022527
3.102184
3.45572
1.767197
2.466597
6.13685
2.471309
6.364447
7.205091
1.315429
7.043756
2.769779
5.83736
2.700642
5.462667
0.2105694
3.877421
6.755566
7.131518
4.921475
6.264187
5.130881
2.453947
4.454829
3.820062
2.9156
3.158684
2.232228
3.547993
6.346231
1.460568
5.496365
6.447289
4.414917
2.397721
9.21893
5.090504
4.12326
5.356468
2.392053
5.602307
7.57704
4.057109
3.617028
4.560863
7.67844
7.105229
3.645456
3.18821
7.907698
5.971718
3.223474
4.896152
3.071354
6.18232
3.050802
3.229585
4.522312
3.282178
4.000827
3.10755
4.950562
3.190943
2.24863
6.951636
3.652066
2.555807
5.868129
4.762997
3.94716
6.92346
3.600656
7.584528
7.124615
4.594925
6.369663
6.09211
8.402315
3.98354
2.950411
6.626483
4.252658
6.421693
5.780685
7.541989
4.707271
4.352367
4.349827
8.609222
3.097344
6.477932
6.130278
5.749022
3.330832
-1.716484
6.063797
9.377615
3.356373
4.06809
-0.7149367
0.304913
4.128757
2.81051
3.780817
0.7096252
5.406813
3.58823
1.70121
0.1559615
2.784712
7.180205
1.812821
5.504252
5.354203
2.891315
5.702384
5.815855
6.396159
2.339691
5.153646
3.74033
2.698289
7.559916
2.772648
4.437866
9.909435
3.963512
4.474263
4.912964
4.789231
7.257293
3.561311
2.049392
3.859475
1.848745
4.416873
4.284936
1.244999
3.92582
4.39796
3.466213
4.564436
3.358534
2.367913
6.431308
4.497742
2.629921
3.286633
5.333271
2.697579
3.212638
6.189625
4.00395
3.780987
4.682729
5.102627
5.44207
3.837542
2.10689
6.386231
2.029073
5.147087
8.299804
7.910417
-0.1845975
1.527852
2.876243
4.880695
5.683167
6.642937
4.456564
6.679099
2.193017
5.278589
4.305673
5.757577
5.737938
6.732366
5.571593
5.733456
5.230426
4.24059
1.577965
6.876663
0.8030658
5.420602
3.362279
6.648071
2.280147
4.707245
3.292113
5.475657
4.85475
2.026592
4.070716
2.862658
4.453937
5.888731
3.133978
4.545807
2.045299
6.592252
3.441829
2.503937
4.353458
5.98995
8.190291
1.916619
4.501227
4.324201
1.760628
5.96172
4.892658
7.158373
7.189091
5.734675
2.98422
6.423482
5.611815
2.810902
6.961397
3.049229
1.803802
-0.5769305
3.350436
3.383927
3.467663
6.86681
1.389533
3.963613
1.113339
3.229341
3.948506
3.634111
4.941006
6.564104
2.480026
6.638479
8.300421
6.165527
3.968802
4.584852
4.19182
3.014601
6.990222
4.610253
2.816055
3.801511
4.839957
4.172647
5.125996
7.409547
1.882889
1.899249
3.486372
5.367453
5.27548
4.242298
5.033485
5.660195
3.237568
3.176361
5.263044
0.4339275
8.30683
6.027701
3.821457
7.104287
3.669855
4.643156
1.190067
-0.8233495
6.911333
5.230493
5.414373
6.64776
5.209524
6.101859
4.036062
1.738603
1.147195
5.121599
3.757897
5.714312
3.875033
1.530608
8.482591
3.509962
5.072365
4.625665
6.051497
5.371904
1.881967
7.850864
1.836304
3.981495
2.577565
2.024134
5.159849
4.638139
0.9525628
4.145943
2.791131
4.983165
6.17855
6.505654
5.636172
5.681175
4.107315
3.774876
0.6518743
8.124802
4.701058
6.508601
4.227055
4.487791
2.971231
3.52331
4.042498
2.186359
5.216138
5.256859
6.632071
3.420685
8.34796
-0.7923288
6.0537
3.00959
5.368609
3.637243
6.384021
2.842396
4.787522
-3.427477
3.063904
4.35383
-0.6187177
7.097311
3.749805
5.772908
2.846733
2.534637
5.002591
4.797786
2.562511
6.28966
5.522652
5.651484
1.452949
4.278666
4.265694
6.068347
5.883333
6.231396
6.00383
5.084121
5.054378
3.820095
8.085886
5.630152
6.029575
4.926178
4.128922
3.538584
3.203465
5.421812
7.436182
7.115116
3.51757
4.458801
3.843755
0.4796362
3.278328
3.936587
3.272707
3.284486
4.373543
3.46224
5.759336
5.309353
5.132133
5.642156
4.129514
4.082101
6.262101
3.749424
5.701497
2.947554
0.458909
4.796723
3.903656
5.116395
2.008958
1.807009
6.64694
3.123888
4.97216
4.299363
4.120634
4.69672
3.738176
7.318557
0.8922024
4.28868
4.322627
7.566888
6.319778
9.044335
4.116906
2.497403
2.98191
4.43083
5.722717
6.68932
6.038362
2.326489
5.797036
6.650014
4.731669
7.849026
5.083405
5.989806
3.594641
6.206492
1.374402
5.633035
4.757079
4.029369
0.2608428
7.552015
5.525423
3.162103
8.551103
3.651342
5.743745
5.152897
4.362146
5.106417
7.118999
4.734987
6.375934
3.360263
6.910296
5.870735
7.640875
4.10858
4.123722
5.520349
4.149571
3.858226
3.724895
5.19086
2.066545
5.781199
2.741796
7.488479
6.349623
6.272776
7.323404
7.000083
6.898129
3.511496
6.799179
3.193697
1.93054
7.223673
1.914268
-0.2158437
5.168847
5.891784
4.836744
4.712047
1.26217
7.039113
8.037372
3.798631
4.289721
3.573866
5.307611
3.565643
1.214604
4.320269
5.611121
2.403228
5.663671
7.938375
3.502565
2.928609
5.475452
5.748067
5.370437
5.830579
3.686986
5.083249
4.260283
2.564917
4.876318
5.184088
3.876894
3.197821
8.769575
3.741489
3.858123
4.719913
6.863327
5.620119
7.831899
5.874226
3.387363
0.3208575
0.9401937
1.646382
6.981361
3.55587
6.667772
4.025296
5.417639
5.655812
2.237024
7.203756
3.290851
6.720582
8.926725
6.276555
5.854303
4.142776
2.742893
6.691449
5.946973
10.00565
4.127409
3.860513
2.349075
2.90226
5.636823
2.946365
4.13557
3.912904
1.142324
5.244505
6.187651
4.122523
5.265784
3.523479
1.668026
4.820477
5.04388
4.566953
4.643005
2.212208
3.691593
1.623657
2.282995
5.024179
3.399442
3.373275
2.721786
3.576747
6.009341
3.468155
5.670424
3.667388
6.344382
5.139946
4.823206
5.333897
4.814572
3.557083
3.956769
7.437964
4.911097
5.292801
5.701228
2.977992
6.450738
4.775578
1.467809
4.636059
6.499402
3.713933
1.536349
4.440403
4.282591
3.096716
6.465799
4.792135
2.118519
4.722203
3.398407
3.77525
2.561541
4.963853
5.373688
6.689844
4.388471
0.9833281
1.741949
3.915206
6.22033
3.100001
4.846298
5.941837
4.662077
6.513495
6.208741
4.926266
3.272112
4.405558
6.864217
9.166667
2.295459
3.085293
2.790059
7.213527
5.437788
1.244576
0.9242685
2.139115
7.101074
3.605283
-1.602727
3.15507
5.256021
3.927738
4.428367
4.074214
2.2164
3.311476
1.83154
5.153396
5.27044
6.427862
3.568092
4.335382
4.398677
1.652339
7.340264
7.835395
3.902941
5.340331
1.973641
2.342875
2.39874
1.494397
4.740455
2.249509
6.293489
1.406182
5.299829
6.474155
5.798945
9.221254
5.536571
5.337008
6.552578
3.91695
2.534722
4.965592
2.190148
1.274687
3.707135
4.121822
3.706886
2.052294
5.293172
7.47165
4.577034
4.66391
0.7900038
5.869555
3.240309
6.434394
3.665592
8.026591
4.071223
3.851392
5.265135
5.52748
8.321484
3.627101
2.765733
6.979548
4.386356
3.730994
5.910637
3.116402
4.716328
7.254675
1.844483
2.245398
4.82944
3.382749
5.019065
7.089216
5.056922
1.587703
2.609677
2.762839
3.855678
4.821486
3.205715
7.406933
4.13611
4.7723
7.456993
3.670281
3.864867
6.735545
3.973154
4.189165
8.721735
5.201124
-1.249445
3.309363
2.957967
4.126652
5.900538
5.693546
6.405728
1.795693
1.286506
4.957057
0.2251511
4.80445
8.080442
4.387442
2.576543
5.748853
6.940841
2.378071
4.609201
4.491826
4.004214
0.2617669
6.701152
5.101317
7.830681
1.293224
5.331011
5.534511
5.339981
1.340688
6.094939
2.394241
2.408911
0.8987713
6.099829
5.542623
3.27935
1.888928
4.827036
2.153347
5.520472
4.598505
3.94412
2.867895
5.21994
3.955579
2.331973
3.619908
5.584451
6.353268
1.388183
4.325171
6.684871
4.368835
5.564507
7.309315
6.947082
4.530738
2.980437
5.10707
3.488266
3.052692
5.957438
3.689846
2.154909
7.23124
-0.7092266
1.582655
2.778934
4.070828
5.012528
1.9453
3.839519
8.080612
5.539537
4.877456
3.211721
4.644392
4.355728
1.550744
10.09711
4.912818
6.044867
5.529895
6.726717
4.65569
0.4261594
7.078986
6.170387
2.983693
6.076951
0.9358552
5.13813
5.094674
5.207898
6.030985
3.343446
2.244056
4.1182
5.71963
5.576222
4.640719
7.617198
6.16529
3.616336
3.352144
5.366017
3.915072
9.176154
4.743383
2.15121
1.064261
5.680518
4.222296
7.464843
2.441581
5.311931
6.669381
2.646521
4.286929
4.34592
8.235071
3.006296
3.6967
1.848802
5.23735
2.047592
4.758076
2.580761
0.2191429
5.802476
4.46053
3.052773
5.779023
4.198093
2.960835
3.977663
5.612908
6.184885
0.7065394
1.972914
8.621954
0.4832101
6.840649
2.298739
7.789533
6.467792
4.862757
2.575138
6.252028
4.667295
4.825597
4.400813
2.969826
3.780481
2.443385
4.266912
2.452512
0.3245649
2.681254
1.986991
5.381634
7.333249
3.031515
2.715846
4.902432
4.636917
6.359254
1.485322
5.344189
5.995347
4.316372
3.264115
7.473061
5.054345
3.494103
3.033432
0.01167011
2.172981
7.388679
3.497915
-0.8978415
5.404786
5.750715
4.767508
6.667829
5.916492
7.610972
1.984862
7.953623
6.656251
2.025639
6.078196
2.433805
6.307942
3.300873
3.23589
4.429821
5.027491
3.691797
2.430851
2.61486
10.44281
4.928671
7.23119
0.5299027
4.33296
6.814054
4.738821
4.758889
4.105649
4.02307
4.722501
4.41686
5.604057
3.75243
1.947759
4.96919
8.748156
5.184742
5.637811
5.295214
5.273893
5.82088
3.881827
4.69417
5.175728
6.946871
3.487003
4.493581
2.304468
3.842123
5.684429
6.183194
3.138163
3.393895
8.068311
2.248987
6.181364
0.4907808
2.755079
2.348519
4.352456
0.7381699
8.334794
7.90565
3.604139
3.39888
8.295427
4.126926
6.825145
1.768023
8.2854
4.74186
5.383741
4.583741
3.796465
4.028265
1.357698
2.398359
4.072664
6.500031
2.548576
3.09478
7.190669
5.523856
5.210859
2.703137
3.357815
4.915633
6.748808
3.419773
4.831973
5.737082
6.204966
1.131999
6.346154
0.5810432
10.54634
8.344076
4.509859
3.458883
3.290183
2.12176
5.147773
7.207327
5.158736
4.85537
2.541217
4.274328
9.164998
3.61131
2.810001
6.181965
4.972901
3.405916
3.675435
5.393194
4.571259
0.3751755
6.621713
4.382209
3.121042
4.081591
4.853677
7.317644
3.239788
6.571901
4.732669
-0.08403111
1.690248
2.921693
1.855819
1.312105
4.51251
6.321188
7.091137
3.864061
2.976951
5.631215
3.663496
0.9113436
4.510739
6.744778
2.726371
5.058296
6.194298
2.179665
7.951132
0.09586811
3.073764
4.027204
4.841609
7.30043
3.095399
7.506014
-0.04036474
4.746665
3.763451
4.103048
4.191702
6.468011
1.862854
3.996156
4.583756
6.234769
3.041349
6.461077
9.478385
5.944657
5.524903
3.745684
5.407634
3.620632
6.720008
5.280975
2.798717
5.20651
2.201338
3.35421
4.998966
6.119739
3.514946
6.034137
6.374764
7.541327
1.420295
6.741535
4.804272
6.005593
7.932603
4.817345
6.369072
0.5491099
5.116548
6.168196
6.759514
8.605141
7.025005
3.438051
5.363013
4.648623
4.837691
4.26782
3.943231
5.714655
5.365555
3.115288
7.298031
5.267218
3.440186
5.773557
7.505577
4.801168
6.694864
6.023638
2.274728
9.141119
7.914458
5.095616
3.694956
8.081367
5.608558
8.176557
5.834294
3.712212
3.868764
5.397635
2.402208
6.924072
3.687157
3.469249
3.71958
5.222304
8.64323
2.572052
5.025889
4.340447
3.755141
5.879342
2.369456
4.033013
3.847399
3.488662
1.294472
3.911548
6.142224
4.440927
6.72162
1.453107
3.749117
4.826028
6.615448
5.772825
2.584635
6.825342
6.656315
4.968218
6.084544
6.503924
2.935986
6.336389
1.29817
4.751276
3.204829
8.293339
4.530748
3.98123
7.560841
5.571814
5.173656
8.354923
5.55779
4.578486
3.85405
5.647405
3.872524
1.44798
3.207889
6.528794
5.776211
1.926039
5.941274
8.968891
5.414782
2.360964
5.463612
6.054921
1.717065
9.069087
4.265681
3.543968
4.053336
2.343405
4.401423
6.206823
6.365458
3.688509
-1.557772
1.989929
4.321392
3.064781
3.496398
4.520909
3.702174
5.710545
2.969388
3.282633
5.796318
6.207898
3.38322
2.517425
4.527615
9.761658
4.182172
10.37843
2.054063
0.205719
4.592619
7.097866
7.33967
8.712107
5.915285
2.719708
3.412501
2.797763
3.064008
5.004706
1.614208
6.802742
6.704235
2.134688
7.271962
3.700221
2.300415
5.906354
3.05973
2.54595
3.260713
0.6732354
6.56636
5.324831
4.183512
4.719086
1.840847
3.220862
-0.1136661
1.329299
4.81047
4.973152
5.015631
7.505298
8.162838
4.044538
7.827922
4.542541
5.648467
2.972378
2.456411
5.858404
4.490793
3.424051
4.63834
4.414555
4.937675
7.200406
2.266072
4.314762
1.064112
1.428149
8.45816
6.023975
4.029083
2.473599
5.876495
2.680968
2.025913
3.802434
4.589324
5.090446
5.264588
4.000185
2.985634
2.53422
2.005666
2.230182
2.852154
2.997362
3.613081
5.638427
5.022566
4.49506
5.06146
6.204871
1.594018
6.212319
1.339717
5.686366
3.387751
4.331398
4.046105
4.60627
7.131044
5.041825
3.84866
4.346471
5.572322
3.193585
3.865744
5.112008
6.10699
4.559148
8.000995
2.797645
1.837373
6.912109
2.712515
3.286373
2.919045
6.066383
4.602533
2.748349
5.492618
4.133934
2.054097
1.587816
7.412266
6.789103
5.619802
2.121434
5.536199
7.767792
2.713216
5.024788
2.695105
5.194338
4.546076
6.520274
2.721651
4.482671
4.672591
3.648263
6.135399
8.914384
6.954325
4.642545
0.525413
8.042176
5.215444
4.551693
4.526135
3.037825
1.433349
5.995265
2.946207
1.141557
4.84785
2.552109
4.625975
3.581601
1.586209
6.044058
3.95206
6.478896
6.483111
1.085273
4.48392
5.127715
8.463708
1.856139
5.206383
5.535086
2.979065
2.532027
3.15826
5.710322
2.724378
3.987977
1.640945
8.559815
3.752414
2.334425
2.296169
8.02927
2.990824
2.801009
5.395426
5.740331
7.026966
4.920129
2.996845
2.403399
9.098734
6.56643
5.80046
9.019806
2.351729
-0.6352124
6.781192
6.675572
4.811885
3.143713
5.30302
2.499294
4.430686
4.995185
8.476429
3.022602
5.257439
9.188635
2.207299
3.774058
4.203893
3.26466
3.125195
3.455515
6.609746
2.589744
5.710399
3.969648
5.573346
4.852042
4.699227
1.659452
4.761282
3.346881
3.467055
4.957022
0.9072068
6.998069
3.129134
7.679759
4.391138
5.564383
4.637295
2.432659
4.889897
4.226334
0.9945235
6.682655
4.697786
-0.07967091
6.19394
2.555582
2.911154
5.153577
3.916703
2.795922
4.07337
2.425243
4.319375
4.911115
3.1654
4.850642
1.726089
4.528756
5.751797
3.639476
3.557873
5.144493
4.054092
3.316707
3.420135
4.968472
5.01424
4.521115
3.669771
2.450721
7.162325
0.3556881
5.176564
3.858728
2.402724
5.488944
4.016943
4.191941
5.630796
3.51474
5.589679
5.320572
5.171629
5.397592
4.109938
1.946352
2.705895
3.715621
7.707524
6.24489
4.047985
5.398546
3.992946
6.791082
5.285875
6.263865
5.19143
3.69241
2.687874
3.149074
5.572648
3.184469
4.331901
2.520454
3.873474
2.205246
1.449919
1.192695
2.735159
1.352773
2.890455
5.816825
4.722847
4.595289
5.45788
3.670183
6.703808
6.436844
6.747852
4.131176
8.305247
2.234813
3.490547
3.757309
5.480597
4.604011
5.655619
5.214983
0.008292198
4.149956
6.844171
2.548209
3.885346
3.252761
6.680425
6.496737
6.499997
1.232426
4.281947
4.870215
4.799925
2.685767
3.901407
4.390126
5.415724
10.3893
1.83566
1.629164
7.755687
0.274282
4.730996
5.616796
1.592354
0.4324403
5.150566
0.3333921
5.41508
5.129951
4.263767
5.676757
6.523715
6.441168
6.812908
3.368032
1.688935
5.212191
8.47574
3.073166
7.06327
2.440835
4.890413
9.408342
3.103127
6.693961
2.055499
6.953547
6.493152
4.02198
7.643018
3.071182
6.94412
4.638914
3.381158
1.765795
6.341341
4.832466
4.398808
4.949279
4.225774
2.809387
4.287585
5.291628
2.631731
2.11127
2.630125
8.590599
1.90875
2.013595
1.879296
6.070384
5.52469
3.884113
5.443614
4.688672
1.898533
2.137867
6.461592
6.858848
3.952052
2.234675
5.865851
10.46594
8.018015
7.334359
7.794069
3.02498
0.7814929
4.032797
2.584254
3.711513
4.179166
5.840879
2.443408
5.519638
6.705083
7.12962
3.485123
3.222405
2.960784
1.037829
0.5634463
2.430976
2.632449
3.689666
6.179868
2.546461
7.090957
6.943921
3.652674
6.236035
5.285236
-0.3400965
2.244127
2.528397
6.540025
4.279435
8.022743
3.533521
5.1472
0.2909994
4.487744
3.296198
0.2970772
5.191273
2.398289
6.429796
2.917129
4.105372
6.136608
6.35996
4.343056
6.371638
4.602607
2.090157
3.185841
5.555292
5.926521
5.695683
4.110296
4.095514
7.283544
1.875117
5.883545
3.979483
4.379504
1.83665
4.94219
4.425194
4.164809
3.856431
5.355079
8.995068
4.353218
4.721057
6.601213
7.22661
3.87438
2.660622
5.279591
3.352878
0.2742481
4.58377
5.238833
0.1767149
3.266437
6.984589
6.305958
4.939563
2.918776
3.75963
6.153518
4.342029
4.107316
7.27873
3.391166
6.401222
3.413297
5.721772
1.659417
4.688663
1.661706
8.211847
5.497765
2.089579
8.8209
5.352463
5.226192
6.722136
4.094414
5.405754
6.376505
3.61806
5.351293
4.368087
8.28652
2.246906
6.318507
2.343854
7.622657
4.018925
7.412601
4.809557
4.096188
9.767939
1.824916
5.480136
5.904432
2.56975
4.368913
6.149047
3.059922
5.347731
4.529892
4.834564
1.739266
4.718496
4.605143
6.42639
5.016222
6.265672
5.637152
1.941065
6.21965
5.424242
4.795835
5.342001
4.392513
3.831389
4.526588
7.618793
4.332801
7.375106
8.235745
4.968367
1.485444
3.369961
3.173968
2.451569
6.411099
5.384799
6.658901
0.07144213
5.359517
4.095467
1.515173
2.756959
4.498271
3.992342
5.132535
4.842721
4.265162
6.075487
4.270412
4.104297
1.96777
3.04478
6.851598
5.785266
1.91517
6.144853
4.15286
4.86925
3.377639
2.827505
4.912571
5.666064
4.724863
5.589254
1.818669
4.335999
3.954159
5.420447
0.696672
5.565667
2.630044
2.41452
8.08347
0.4100823
2.50607
5.713146
6.321394
5.967937
4.716106
4.364717
2.469999
5.408874
4.528806
3.478437
3.198417
4.562595
-1.577381
3.140328
7.955088
2.791348
-0.6421423
2.636287
7.444275
4.936019
7.332863
5.032517
4.316921
3.060815
5.504416
7.427407
8.371971
6.424171
2.116903
4.39485
-1.610488
4.943721
2.667458
3.021282
3.415208
5.259327
1.810061
4.960713
3.147647
-0.5881348
3.945992
5.947875
4.689051
5.116228
3.78637
7.114822
6.514657
9.325104
3.705025
4.712446
5.967998
2.339772
6.968486
1.573603
5.511285
5.693085
4.170489
5.217644
1.039039
8.33876
3.43996
5.206765
6.979316
6.644015
0.7442892
1.188288
4.647142
2.042842
4.745412
8.693853
3.545026
1.908549
5.426449
4.611142
7.690309
0.3552461
4.492009
4.66473
3.484667
2.154155
3.148
-0.1323791
7.971982
4.962708
3.299556
4.882993
6.43488
7.140837
5.780444
3.067757
7.479063
4.796073
0.7201996
3.920028
1.241352
7.296448
3.512435
2.456201
-0.4360914
5.114103
3.851165
5.803282
0.8349278
3.734451
4.775356
8.417889
1.482217
6.296976
6.564759
2.63779
5.601548
2.91046
0.197896
5.018224
6.098634
1.100211
3.752912
5.241383
9.996734
7.099995
5.72136
2.539897
3.330411
4.146209
2.385567
5.626771
6.671195
4.332179
3.333642
3.252031
4.146259
2.633228
3.31248
2.518063
4.970849
6.119235
3.276202
5.18013
6.251885
4.643146
4.050935
5.102396
4.99894
4.441907
5.346751
5.764869
6.155798
3.493458
6.747775
3.769685
6.171317
8.655863
2.874663
5.903339
6.216085
4.945749
7.068123
0.9484303
5.028768
4.918952
3.857407
8.562635
0.4309978
3.882381
7.535459
2.03821
6.063573
6.344152
3.994533
8.367411
4.617193
2.514656
6.787332
5.055402
6.395598
2.625335
4.758132
1.342601
10.11463
5.633412
6.368279
3.092736
6.482424
4.141393
4.252165
4.204894
4.461696
3.189485
3.927022
2.939585
6.757526
5.249148
4.900133
7.291413
5.911896
5.791719
1.219976
7.384427
6.47368
6.539561
6.391532
4.621608
5.930266
5.150821
6.294455
7.511643
2.235522
5.276014
5.849153
2.427816
5.683581
4.531348
2.252055
7.554475
1.489622
3.131255
2.319826
5.899676
6.351626
1.200188
4.547328
4.112167
3.181743
8.449579
7.22706
6.764276
1.624511
5.598551
4.243938
6.42472
4.324453
3.389245
1.267292
6.076538
4.835929
7.085613
4.284522
7.484764
5.016949
7.312724
7.295478
2.377045
4.571635
7.396238
5.698688
7.219128
4.497031
6.724505
6.921858
7.105407
6.086015
7.709027
3.367871
3.783953
6.17768
2.352787
2.30022
5.034984
5.496371
2.844276
3.777606
3.000372
2.913027
0.8311234
8.422951
5.146482
4.610615
2.774765
3.986359
2.653773
6.249862
2.872437
5.48943
2.338869
5.893368
4.612996
6.873313
4.650332
4.617527
7.681966
6.623948
3.583271
4.264411
3.661145
1.942285
2.193471
4.031385
5.695624
2.737241
5.495083
3.407815
6.149561
8.502983
1.126472
5.99499
6.986432
4.315536
1.963392
10.08444
5.520123
5.373881
-0.2124672
2.760609
4.850291
4.913062
2.162499
4.613964
4.146024
8.024439
3.714693
3.560864
4.941007
5.492078
4.955225
4.040213
9.698671
5.453896
3.848365
3.691579
1.687118
3.785954
5.533598
3.177714
5.276767
5.164655
4.463068
6.262002
4.32893
4.306317
6.485313
8.985189
5.546703
3.087399
6.891897
6.934248
4.774594
2.85519
4.609812
1.924974
5.015914
3.854809
6.960384
4.416863
6.584991
6.17398
2.304795
7.570121
3.853456
1.764749
6.956178
5.253121
7.391764
2.744653
2.985881
7.341383
4.713861
5.376206
4.023128
5.512276
3.507721
2.1619
5.521719
4.666526
5.526963
5.89087
4.614776
7.865941
4.09743
4.827813
4.290107
5.937321
5.033231
3.245151
4.475897
2.959929
6.200558
2.058702
6.982932
5.0418
5.284325
4.131439
4.81183
7.518485
3.762778
3.782338
4.64734
6.838505
4.545354
6.968984
4.29804
5.095412
4.118461
4.264826
1.879613
6.230957
7.036752
3.965891
5.3369
4.651087
6.336292
1.487685
5.831744
4.462941
9.251365
1.579343
7.027822
1.335588
2.704682
6.056452
8.494332
4.151115
5.686435
5.017999
3.249517
4.921955
6.405292
4.542883
4.556137
4.007066
5.490552
5.725219
4.780248
3.62955
4.164037
4.74893
6.598522
5.487464
4.087687
5.931396
5.217398
3.813173
3.455287
3.450547
9.11625
2.465531
5.434385
3.707295
3.505298
3.329387
7.485124
2.692322
3.566833
0.8625493
6.019458
6.570765
3.377234
8.77179
3.524668
3.805443
5.401596
3.288398
5.459879
4.84072
4.249039
8.292793
4.127285
5.273645
5.675644
6.451706
2.094335
4.810885
3.468689
7.587636
2.8126
2.913128
3.063672
4.372554
3.288576
3.535635
3.483235
7.206766
4.805345
3.416369
2.951462
5.601756
3.781893
4.634757
7.114932
4.189779
5.704639
1.271691
5.001308
1.985641
0.8735805
6.839353
6.219423
3.009331
2.484676
4.549568
5.982211
5.337872
2.480729
2.199372
6.118135
4.304267
5.157396
6.180291
4.936501
0.8301694
5.72861
3.147204
3.553093
5.183401
7.439563
3.819239
4.692083
2.844312
2.594774
4.420703
5.522118
5.206394
5.338535
7.443253
2.752933
6.544283
5.507585
8.496294
5.222114
3.808458
5.269442
9.400904
1.549971
4.483157
5.550069
3.370421
4.063622
3.793204
6.731993
4.516693
4.461473
6.358955
5.180276
3.433812
6.122634
2.989797
6.581636
5.51328
4.870471
1.492372
2.32046
1.770593
3.806547
3.722245
4.519316
5.334908
4.96682
3.612526
6.447164
3.458941
4.047646
3.916661
6.060847
5.10402
4.248956
3.123083
1.687092
7.773221
5.317767
1.751628
5.191524
6.068711
3.59651
3.819147
4.430853
3.70506
5.786227
1.281226
8.164433
6.664516
2.848813
7.57179
1.016973
4.413249
1.594971
5.190928
3.55262
4.621161
6.69173
4.054557
5.525283
3.711508
7.928531
3.76251
5.010488
4.222821
6.313893
7.915228
5.428486
6.952457
0.8763888
3.436906
0.5852354
4.684124
3.343839
6.440436
4.51385
4.277962
5.463192
3.938802
7.553947
1.692586
7.473997
8.003357
3.635262
2.942738
2.365586
6.192238
4.727138
4.415553
4.656375
4.598556
4.984486
4.656355
5.150006
4.303065
2.433314
3.775469
1.314063
3.23498
3.862139
3.074548
5.410593
5.75345
7.343531
8.481073
8.166343
5.780339
5.466703
1.299913
5.305331
6.702923
6.567775
1.104679
9.412376
6.386405
2.863212
7.264006
0.8352525
7.062817
6.992493
3.018497
4.09905
4.871041
4.413276
4.102123
5.107512
3.973235
2.261104
4.091137
7.583694
4.412805
8.262654
4.177943
4.047171
6.980577
2.177657
5.705138
2.948836
5.601581
4.379667
5.311238
3.854748
7.281542
3.803912
7.528382
4.082476
5.407557
4.155858
2.456389
3.812034
3.65156
6.02196
3.740774
4.383333
3.157059
4.693176
0.4483132
7.957548
2.310265
6.642382
9.207118
5.068454
4.399053
4.0499
4.563902
5.064451
7.377531
4.669821
4.518551
6.326824
3.721116
1.972473
4.240212
1.79408
2.052683
6.15789
5.330919
3.590841
3.122376
2.720076
5.630258
5.696621
6.731206
2.901372
6.306516
4.429894
6.796498
2.461402
5.069042
6.690686
4.28733
2.141696
0.9370422
7.48425
7.607247
2.90696
3.15667
3.453033
2.437654
5.603449
5.960655
5.764412
1.999483
5.828939
4.489229
4.721288
8.795784
1.205602
7.138481
4.083431
3.916257
9.799024
4.502616
4.771159
7.784894
5.027378
4.871044
5.453406
1.823763
3.8937
3.776396
1.012633
5.751857
5.106351
5.922084
2.931236
3.021982
4.237078
2.762917
3.549676
6.364011
4.303309
3.736724
3.824219
4.495781
4.783729
4.766356
3.36272
4.014728
1.578479
3.226135
7.907793
4.077168
0.9612472
4.622962
1.490482
4.407394
2.605351
3.294247
4.658175
3.700432
7.496346
3.026864
2.623844
4.583964
6.557187
7.04637
8.523102
4.215193
6.939894
6.434828
5.700874
2.396064
6.799729
-0.02817535
4.836807
3.888652
1.096199
6.250209
6.067062
3.144675
6.584296
8.164579
1.345562
3.868207
5.910086
5.973761
5.35516
6.747873
6.082675
7.084801
5.284339
2.132756
2.171052
3.78982
4.832717
3.493277
1.344427
4.661229
10.21812
7.33397
4.927258
6.903214
3.271297
0.5065367
6.094834
4.14942
4.41475
3.16546
4.031893
4.815532
3.635674
3.484903
3.883835
0.8694215
4.295869
4.207548
4.542724
6.904491
3.74652
-0.6723814
4.242414
5.283771
4.297919
4.790686
6.428071
3.953609
4.145007
4.693069
4.301061
4.165282
1.239871
3.658203
3.326412
7.144401
4.844699
3.902276
5.215736
2.158278
4.558494
5.297929
5.731895
4.31959
4.887908
5.43773
7.173341
4.99753
4.956473
5.013145
4.535
3.59312
1.410535
2.385215
2.530923
5.747106
3.665537
7.880143
7.164865
5.649763
5.57497
5.795226
7.774245
3.548928
0.8198857
5.383743
4.564857
4.631014
6.56549
5.68347
8.051692
4.382703
2.386703
4.457749
6.64893
2.226295
4.655852
5.6127
1.089246
6.379968
5.600218
4.423901
5.003641
2.775663
6.842443
5.26494
2.447917
5.111382
6.593934
4.754935
4.990656
2.817791
4.416925
5.338239
2.117448
5.491427
3.952431
4.428145
1.428676
4.37585
1.829718
6.110889
4.5148
5.030687
4.099089
3.546767
3.645307
3.531019
7.15015
3.6092
5.079177
3.525949
3.704831
3.059591
4.629406
2.817095
5.80324
4.96701
3.42896
4.433403
5.143663
4.116437
3.72297
8.116242
4.783316
-0.8672285
3.35506
5.076694
8.045717
4.355765
4.353822
6.734481
5.549782
-0.5591979
1.319773
8.064648
6.991547
3.98842
4.01528
7.338723
4.811036
6.978433
3.135798
5.301416
3.348409
4.48135
6.180225
3.631825
5.7714
5.120903
1.64528
3.604977
2.688886
3.639783
4.238334
2.667763
6.491151
4.456347
4.326185
5.582574
3.544018
1.453732
2.188442
3.554439
3.822473
7.787512
9.930576
5.214242
4.052711
5.002075
7.506912
6.244946
5.087982
4.238658
2.842798
2.626619
4.307044
4.916853
-0.7982593
5.641691
4.213257
1.541855
5.205572
4.588581
3.570951
6.598691
6.907072
4.144809
4.647607
3.621119
1.44415
-0.2127299
4.117438
5.052951
2.761863
7.174479
6.912821
2.234245
0.4548302
1.008982
2.907274
3.963798
1.218774
7.652068
3.295148
7.240592
1.884453
5.511814
2.038169
4.150732
3.762608
7.154548
4.740148
7.304538
2.45509
6.303219
0.1992059
6.469429
1.831196
3.095842
7.89421
4.52838
5.712011
2.369898
2.876977
6.712157
5.835692
5.967803
5.827328
4.499946
5.745411
4.84785
5.684538
9.616385
5.107651
5.010592
3.455389
2.843322
8.268587
5.443751
0.7879593
4.12366
8.128883
5.931393
3.566746
5.766464
6.849374
3.934005
3.26133
0.9093363
8.117432
5.166258
3.818904
9.088724
4.515168
7.288066
0.6350629
4.560349
3.820989
7.498981
5.888433
4.46147
4.815865
6.036462
3.984411
5.697991
4.300082
4.815577
7.184775
4.359118
3.59094
3.607208
4.751572
-0.3650684
4.716804
0.5591373
5.382012
0.4711409
7.55543
3.491504
4.189287
4.387302
3.886297
0.8264406
4.023045
1.41029
7.607173
4.65121
1.31926
3.204319
-0.3924479
6.218094
5.427979
3.303802
7.067958
3.139058
0.449245
4.313439
2.640789
7.260875
5.528856
3.827772
2.11799
3.646309
1.029323
6.091063
3.521504
4.767361
10.88523
7.456389
3.444694
4.469877
2.581899
6.904121
3.602341
3.84782
6.339646
6.79306
5.430576
4.237256
8.059961
0.6572435
6.350129
3.133152
2.498129
3.173789
3.006959
1.898911
6.238945
3.907528
5.066908
8.056791
6.886554
3.534281
5.494054
7.519134
5.962411
8.841906
6.051124
4.80852
3.631662
6.386841
5.444804
4.829109
3.895261
5.846384
8.499118
7.244797
2.093137
1.792366
2.493516
3.808569
4.800951
3.08491
5.578864
5.325416
6.366548
5.516435
2.047977
0.1344204
5.805977
3.933898
2.94364
6.846184
5.820524
3.154517
4.527706
5.731472
4.61015
0.8857203
5.240628
3.672298
3.475891
7.8506
0.9510515
2.005375
5.664667
2.435576
6.878473
8.476885
4.776994
1.728573
6.278492
6.276612
4.931952
6.682753
2.450678
8.013526
7.070977
2.359286
2.279493
4.613182
3.076407
3.88956
6.106466
4.023238
6.430119
4.818876
4.048489
7.568061
6.336761
4.393256
2.786691
4.212488
6.020219
2.036394
3.616988
4.59136
5.844515
1.656698
3.044303
3.489636
4.806223
7.256854
5.373359
4.182851
3.287512
2.127272
3.698898
6.756256
6.354039
4.181931
3.893624
3.500469
4.295769
4.255945
1.984452
-1.135804
7.607653
4.834212
4.280837
2.560028
4.200108
2.804345
4.454692
5.891241
5.890295
4.175447
4.176731
0.8887074
6.931338
5.755788
1.408701
1.388927
3.816553
3.433974
4.895771
3.626035
3.126661
3.554169
4.705411
3.03065
2.560763
3.18316
4.167193
8.21841
0.9220948
8.14045
3.039138
5.026
3.619956
4.74357
1.627391
2.715138
4.910623
9.371124
3.296564
4.036753
2.433523
6.672786
5.970886
4.082139
5.08935
1.885133
7.746756
3.591132
4.93401
7.731539
6.629459
2.589719
-0.2411804
6.474282
4.312458
4.805049
7.232529
2.731823
4.189095
6.085958
4.020497
3.674163
4.950644
5.845944
5.088094
3.773062
0.6470149
3.449018
6.068134
4.271072
4.969017
2.692223
4.702145
-0.9169579
3.930461
1.422065
-0.2749147
6.820807
6.364851
8.292947
5.957888
4.437098
2.284918
5.123144
4.653917
2.663146
5.57704
6.764953
8.150934
3.629054
7.66006
5.689541
7.753664
5.491359
4.115594
7.625493
6.33973
4.832444
4.186132
2.283449
6.17481
4.056248
1.961009
4.050354
5.14445
5.666734
2.859885
4.992359
8.310151
3.4079
5.433041
1.81233
5.669748
3.895533
1.655138
6.02336
5.766352
6.197209
0.9580894
9.129385
2.326493
4.324538
6.355344
2.941769
6.82252
7.544112
6.29522
6.972812
5.488691
3.279125
4.102929
6.776405
6.533489
4.400753
1.089852
4.161066
7.695009
3.361525
4.069077
6.531794
5.714472
4.975131
3.762069
2.300195
5.125646
6.69414
6.930629
1.96449
8.103652
2.769246
1.189903
1.397659
3.561745
6.410856
5.793548
1.002618
4.648966
9.738089
4.636036
2.074334
4.380857
3.457347
4.90106
6.002918
3.498024
6.192708
0.9210453
3.150198
5.206305
2.943534
2.056788
1.32677
4.09882
6.591658
2.194443
5.167682
3.793156
-1.144114
5.214696
5.44296
8.433453
4.820283
4.952766
6.136642
5.420085
5.447353
5.174927
2.809553
5.513422
-0.9382353
4.955341
-0.9708948
6.399843
5.216173
2.524464
4.417293
4.357674
2.688271
1.287452
5.230818
4.801025
5.7371
4.085096
7.346106
4.019083
3.488974
3.20092
2.405306
3.366763
6.013024
5.620438
3.770257
3.802547
1.468667
6.749578
8.450916
6.219612
9.100681
5.663468
5.122469
2.199302
4.396906
-0.196661
4.084479
4.024505
4.018242
5.196281
5.443962
4.240912
4.323644
2.016756
2.051195
6.105412
4.489449
7.65979
4.501755
6.020223
2.434092
4.930545
0.8192005
9.339432
4.81726
4.893297
4.801466
0.1365771
2.959557
4.855695
5.055393
6.598469
3.489169
4.119081
4.834265
4.903406
5.998049
4.659475
4.066998
7.184948
4.008797
6.57976
7.729658
4.824571
1.652372
1.68789
2.506441
3.733585
2.792438
7.011095
8.153013
3.414874
3.000269
6.271981
0.5900018
4.728835
6.160946
3.879609
7.058775
3.836409
4.183437
7.37899
3.937946
3.773004
4.457101
4.75751
2.719798
3.682176
6.35669
6.039442
5.470299
2.964421
2.759499
5.427933
1.756405
2.388971
6.562782
6.505108
5.265044
6.364576
6.150763
4.204374
2.648862
7.017308
4.144138
0.232101
5.688202
6.792192
4.357931
5.443843
4.548413
7.024661
3.263077
6.341125
2.531292
7.280428
3.364488
4.265482
1.265573
4.649434
-1.30419
7.085252
3.307744
5.407652
4.366392
-1.362274
7.629755
6.444259
4.610034
7.478207
3.696989
5.006993
2.515212
7.340578
4.752549
3.295555
3.363535
3.349611
3.595277
2.667615
5.154672
5.028026
4.469742
10.67646
5.400934
4.553357
3.813012
3.679372
4.736176
6.869321
5.405085
4.226071
6.361336
0.8856616
6.795411
4.893549
8.548489
3.816482
6.296924
7.695262
5.750695
3.924578
4.658596
7.257805
6.304383
2.182049
2.744934
6.214837
5.029875
2.588751
8.559686
5.746586
5.203372
5.067996
3.503469
7.062975
-0.1106505
5.309494
5.406028
4.277351
3.570392
7.59156
-0.02078772
1.960435
8.268832
2.028871
5.403724
7.958329
1.765274
1.792794
7.413598
2.52492
4.88903
8.104058
2.300253
6.311937
5.647596
4.620619
5.719873
8.142904
2.975328
4.375824
0.9136345
4.911955
2.629585
4.410509
4.665835
4.015835
6.313827
3.062144
5.200149
4.609414
6.107499
1.795981
2.366744
3.96831
4.166196
3.179566
6.080439
1.304888
7.178072
8.197823
9.898036
3.993077
4.013609
6.903651
8.300153
3.147361
4.285326
6.885945
5.014862
6.638207
3.946613
5.054997
2.727635
2.902826
6.150452
5.406862
3.349056
6.534101
3.927421
6.739663
4.480857
4.745828
4.328446
0.07326317
5.023081
3.05632
4.759438
2.722622
8.467409
4.846683
5.687717
2.736858
4.638268
5.20714
3.908533
1.852067
3.738891
1.867585
4.115976
3.310092
7.387805
2.235661
5.799855
5.611783
5.046894
4.855693
5.782906
0.629745
7.172818
0.4627256
5.711093
6.095333
5.496198
1.807226
5.640585
3.089814
2.221004
1.71811
2.907419
1.559384
3.02423
5.022385
6.608756
5.786112
3.064011
6.138778
5.696302
4.344915
5.4902
9.979525
5.68262
2.828387
3.568168
3.408016
5.746263
4.484896
5.772677
2.467169
4.699032
4.386012
4.720737
4.611398
6.36092
3.446535
5.006866
4.545322
2.683796
6.190798
7.447767
5.012774
5.678521
3.065472
6.135811
6.726712
1.459951
5.517458
8.777061
8.127504
2.174673
4.932323
3.672184
5.451443
1.664065
5.977266
1.929177
4.667087
7.61832
1.322701
5.192225
6.541257
4.215592
6.345046
2.323146
3.006969
2.372583
8.146396
2.361323
3.183262
3.366393
2.224181
4.814456
3.956663
2.224904
7.595917
6.07654
6.183518
4.611293
5.623788
3.916795
5.098499
8.310225
7.113511
4.234262
2.489844
7.422366
3.589455
5.884887
1.621693
8.791691
4.137125
0.7944558
4.596302
5.314991
3.447313
5.020575
6.397919
4.424935
4.114252
6.767495
3.3292
6.101685
5.013754
4.522946
5.73671
2.890901
3.466927
2.840171
2.182719
6.675879
4.718493
0.2341933
5.985158
3.561146
4.3406
3.558036
6.595701
2.25166
2.814097
2.137047
3.66862
2.034873
4.454781
2.228766
3.186026
4.482074
6.823685
1.926023
5.370481
3.979573
8.350445
6.165463
4.62657
2.854601
7.13743
4.194959
6.078734
6.392533
0.8794496
7.503266
7.66837
4.95144
2.932055
4.049537
5.312836
3.19519
4.805713
2.525006
1.917475
2.798838
5.197244
5.186081
6.887585
5.385222
8.731513
4.131344
6.106729
4.635623
7.248318
2.067969
3.217619
4.061985
4.377333
2.901807
3.507867
8.292646
4.754951
5.877406
2.723753
6.895146
3.453846
4.434516
3.270742
1.551493
4.985483
6.088169
6.186913
5.26322
4.048321
-0.5565658
2.70719
4.254983
7.506682
5.476985
5.428863
5.141916
4.358122
7.191555
2.221972
5.678641
3.996493
6.137097
2.700257
4.704942
6.576204
3.990691
3.267877
1.904079
5.517131
3.773699
7.589142
4.114553
7.8977
4.262687
-0.0003886223
4.491
4.224494
4.428568
5.699804
4.230861
2.951278
0.9229
1.011286
1.22673
1.713813
3.215139
2.336131
7.09298
7.931869
5.509011
2.429604
5.018414
5.785245
6.282264
4.00128
2.402678
8.129983
5.806945
0.7893281
-0.8857188
2.270909
5.438835
5.314433
2.208442
2.776255
2.693969
3.639719
8.335392
6.993662
4.215868
3.040881
3.953079
4.1205
6.645226
4.24337
2.620352
4.543055
5.422868
4.668242
5.395577
7.576777
2.887638
4.212554
6.799704
3.3558
1.322773
5.93138
7.22178
4.85087
-0.1228971
9.505105
5.523406
9.190802
4.834638
3.372897
5.986155
6.648563
2.828527
3.398044
1.670269
3.966508
5.834051
7.665121
2.775902
6.440261
-0.4915318
4.153195
3.777254
0.6097989
5.625511
1.259619
7.058534
9.371324
3.525162
-0.1133213
5.335521
3.593513
4.763655
5.246156
6.839208
4.189392
3.303357
7.457124
1.640417
4.207273
3.127146
4.68604
4.868144
3.940445
4.463281
5.157253
0.8392997
4.218851
3.582875
6.919106
1.781282
6.070727
4.436435
5.496233
4.212663
2.849855
4.344551
1.556549
5.425458
5.358905
3.840215
4.372662
3.703685
6.61167
5.505154
1.263856
2.12979
0.5094092
2.89008
5.788593
6.289637
3.750118
0.4564791
8.175199
7.718386
2.817247
5.980459
3.983221
4.677132
1.721993
6.211607
7.937611
6.965316
4.297838
1.782089
3.222027
3.65881
4.017762
5.54358
4.879169
4.905056
2.440351
5.614967
5.301604
5.872451
4.708035
3.132605
4.745259
7.323076
4.992561
10.79808
4.110291
8.990864
6.788796
3.481462
5.235141
3.586472
4.87977
4.210764
6.579708
5.138595
5.7316
5.212602
6.961676
2.548626
3.814097
4.631637
8.649097
7.006063
0.1534991
2.595247
6.918672
3.269812
2.397206
4.044433
3.444243
3.958102
5.356777
4.537083
2.985473
4.315566
4.338909
3.329364
4.117002
5.083906
6.598084
3.464035
5.180027
7.213413
5.821984
7.145825
2.802919
3.500321
2.524185
1.65489
4.592677
4.233082
5.092285
4.852087
4.220494
0.4494419
3.24648
3.384723
3.399747
1.795818
3.523033
0.7857869
5.381761
-0.1269279
4.166013
5.206492
5.490837
3.396395
8.095516
3.224157
-0.1410456
5.962039
4.422776
6.501876
5.531675
3.605748
5.652459
0.1963134
4.212821
5.055733
4.456577
4.181184
3.480005
3.934822
3.477834
3.698201
4.283666
2.741434
5.938364
3.003046
4.880768
5.715938
4.38903
5.202249
1.352051
3.304623
5.261584
5.641568
3.244789
0.1274166
3.601157
0.2826309
3.92407
8.199075
2.903139
3.153147
2.871038
3.603642
3.808612
3.922238
6.924688
5.183959
6.550793
3.348955
4.267234
2.956748
3.460813
1.530677
6.116229
5.371969
7.739259
4.405907
8.824594
4.401952
5.863782
4.15452
4.912507
5.804191
3.008203
4.077181
1.613438
3.85393
3.985316
1.802696
4.630854
6.94894
3.468338
4.430761
2.281388
4.366495
2.382444
6.036452
2.965729
2.019114
5.076434
6.225061
2.970866
5.429488
6.253342
3.530817
2.700819
8.462331
5.185049
2.92858
4.225662
5.555703
3.266198
8.790396
4.356075
4.893647
2.919674
2.498975
4.125711
3.682904
3.244944
4.432101
5.539652
4.964501
5.609087
2.853333
3.414614
2.229579
6.495747
5.174487
0.4745851
4.766167
2.181975
5.014154
3.217285
6.667713
1.427047
6.172232
8.197361
3.997926
5.796288
3.845973
5.64331
2.935324
3.384546
6.183382
6.214274
5.986895
4.07363
3.741269
6.880939
1.272169
6.724522
1.429781
1.625211
7.375198
5.374168
4.888205
5.972783
2.004587
3.094232
3.137302
6.459503
5.102148
4.300412
4.009944
5.046008
6.146126
6.198284
4.223105
4.861775
1.784591
3.668409
1.851695
4.205451
-0.01952934
5.28653
1.590834
4.319096
2.895854
-0.1614242
5.18754
4.081701
1.206623
4.254403
8.567404
2.785091
0.639508
3.007612
2.664485
3.028939
3.30925
3.015152
5.296041
6.438814
5.990103
7.942146
5.320143
4.471241
3.551567
5.614451
6.494986
7.396106
7.329797
5.153929
3.873594
-0.8887577
2.77654
5.408754
7.321467
5.038795
6.17126
1.22231
2.780282
2.984388
2.076182
3.188474
1.731277
5.347996
1.319724
6.107919
3.346628
5.873624
6.514481
3.136727
3.551369
2.867393
-0.6284742
0.6124966
0.8930738
2.45261
0.5997667
6.77899
5.282812
-0.1754994
3.508348
5.058989
1.957502
5.541017
0.6774991
2.953155
4.139904
2.56439
4.527609
4.503831
2.382134
5.466424
3.353909
5.499955
2.995605
2.626685
5.844928
3.831073
4.093292
5.631915
6.46186
4.965276
4.31237
5.357178
5.11276
8.160818
5.262553
1.726576
4.93296
3.903555
3.018446
5.982017
7.898248
4.601925
3.520252
3.217782
5.828106
4.255193
2.764671
4.216207
4.469265
1.958988
4.237218
2.756119
6.539622
4.645398
8.797022
6.629859
3.398767
5.385774
3.205899
5.752482
4.249785
3.71256
1.691139
8.215511
4.241702
6.653153
4.227665
4.450179
4.171672
0.8322611
6.618125
5.556242
6.12441
2.733908
2.513773
2.978919
5.086528
0.2197452
2.886091
1.58103
4.376615
4.359553
7.274267
4.080056
4.818236
5.285908
2.008255
6.252182
6.435687
8.407045
0.9054492
6.155439
4.437203
7.514261
4.700946
5.423295
5.768235
4.082785
5.491836
3.470443
4.749557
6.068082
5.664
8.521574
6.098146
6.439477
3.376261
3.131232
2.720561
5.491837
2.690527
4.9459
5.378787
5.726859
4.615309
7.168365
2.646711
4.968284
2.520492
6.316008
2.833123
5.681088
3.970591
6.181349
2.924222
1.795008
3.751167
5.404228
1.350745
7.080957
6.687485
4.709456
3.995021
3.658452
6.176377
5.378628
2.744905
7.140654
2.778557
1.478961
4.011481
4.98562
6.261531
4.223929
8.801341
5.697219
4.981989
4.524594
2.113464
4.767168
4.192327
2.82152
5.431393
2.38304
6.114552
1.406616
2.298976
6.155313
5.569726
2.971205
5.390803
7.200325
7.979705
2.628909
7.391367
3.373435
3.569915
2.642051
5.327858
3.541504
4.789789
4.518923
8.304348
4.606905
6.093264
2.984796
5.376418
1.62633
3.719219
3.186593
5.211385
3.564416
3.652513
4.420186
6.714396
7.642819
3.901118
7.848939
1.603264
2.561432
6.683185
3.6004
3.390753
7.735604
4.644502
2.643531
10.11612
3.781841
8.183132
3.713024
-0.827826
7.521665
6.702502
2.431252
1.137021
5.06352
5.809973
3.764614
8.055269
4.595387
5.390316
2.309665
2.790034
5.321666
9.378561
3.47018
2.608601
1.478003
6.905152
5.270573
3.691159
5.11164
4.992437
3.528624
4.776112
2.5254
3.732283
3.228553
3.786232
5.904292
2.215232
5.875678
1.607302
6.719752
7.727815
3.791795
2.302503
2.772776
2.170003
1.772815
1.168396
4.144478
4.768616
3.736108
3.537294
6.250888
3.511791
3.525246
4.024201
2.6094
4.326712
1.397818
3.072568
5.366725
5.020391
3.388197
4.366246
2.052584
8.422985
6.644126
4.04682
4.674327
1.807803
3.452173
3.400485
4.502951
6.221771
4.870451
5.236773
7.245705
2.835655
3.524401
2.877556
6.332414
1.476024
8.897774
4.88969
2.866629
5.436085
5.688904
3.466021
4.906091
7.876166
1.521076
3.754421
6.385108
5.2815
1.247082
1.673687
4.798165
5.383663
3.943911
5.102033
3.384032
2.721
1.822054
4.062745
2.871885
4.4542
5.125143
5.119546
3.671202
3.91674
4.737625
0.8714912
5.072202
5.597578
4.952777
5.494479
0.6812916
6.889471
4.475017
2.103418
3.842244
1.32419
6.910954
6.62264
4.88456
4.207643
3.428297
3.876544
4.903438
6.122586
4.429514
3.675162
3.354038
3.299033
5.170434
4.265799
2.938512
2.574585
2.254667
2.739066
2.555437
3.853199
8.95196
2.165631
5.833273
3.920646
5.076414
4.903794
5.437834
1.971607
5.753561
4.64073
5.365902
1.371372
3.359251
2.122967
3.735999
2.786331
6.453794
4.422774
1.065518
7.219079
3.729294
4.008772
4.087204
6.773954
4.341327
4.077644
3.731527
3.499556
5.931073
3.808039
4.198607
2.981769
5.2775
5.056907
2.582197
4.791128
6.453153
1.432475
4.3566
2.821554
6.093441
5.258912
5.131563
3.513453
5.775054
3.417159
6.629599
8.477236
4.536691
7.85651
8.704426
0.1288786
4.562775
3.795036
8.387436
4.378648
6.387004
4.108682
6.433982
5.613323
2.80034
3.880921
1.80963
7.299196
4.604314
5.951801
7.626252
1.800376
7.942767
9.604378
3.542984
3.909461
4.758676
2.660964
1.508665
7.181949
6.078843
4.821677
5.85632
6.276923
4.307679
3.091885
5.081287
2.458661
3.782474
6.820904
5.738377
5.164131
2.662057
6.630221
6.341951
3.508956
3.038617
3.73423
8.643561
4.59788
2.416553
3.641995
6.704947
3.516916
3.381936
3.819649
4.885328
2.801306
5.204646
7.929461
4.327493
2.74867
5.517818
5.082071
4.934686
4.762709
5.356644
4.756567
6.097866
3.038906
2.945708
4.983033
2.099676
3.693523
8.923918
7.009935
1.939186
2.28995
3.039957
1.769917
1.993464
6.217294
4.333995
4.237753
5.236299
3.202827
1.852038
4.942789
4.073153
5.001314
3.382307
3.84446
3.516307
4.60273
4.276419
5.097089
4.559608
6.615852
4.852227
3.453814
4.002379
3.009466
3.506089
3.323263
3.355589
1.786337
1.177402
2.492337
3.09115
5.309204
2.350242
2.565308
4.970963
5.566377
4.82691
3.972094
5.08281
1.550354
5.748525
5.592483
6.911942
3.732563
-0.8860598
5.619234
4.367056
5.876565
3.507456
6.607485
2.735964
6.916081
3.270726
6.186284
4.104737
4.286438
6.670293
5.497215
4.001821
3.855781
4.65912
2.435765
1.783208
4.1559
5.781267
4.250526
4.842808
3.63873
2.75792
4.030196
4.295383
6.285857
8.303459
8.823799
7.80284
0.8431377
5.289733
0.7545025
3.311315
4.60849
3.902059
4.411604
3.840701
5.912613
4.807515
1.267505
3.944609
8.591456
7.247196
3.70523
4.33574
3.180582
4.72951
4.032967
4.225039
7.697436
6.82118
6.203212
2.632638
7.311448
7.253813
3.522884
2.079937
7.395302
13.13004
5.50008
8.152631
0.3830676
3.276399
3.559411
2.528278
3.103026
3.805416
0.1370797
5.343686
3.648334
2.075297
5.49334
6.810385
5.288737
3.543808
2.551358
4.249081
1.026037
4.08682
6.871362
5.122747
7.57124
2.449677
7.127052
1.390966
1.126777
6.671492
1.115164
4.977587
6.201081
2.775864
2.419702
5.989241
4.515326
3.062167
5.298525
2.836571
4.352586
2.662477
2.285676
7.426256
5.79288
1.378127
5.611689
6.815616
4.881641
2.797537
7.28
6.709802
6.697248
6.201901
1.923098
5.541677
3.58147
4.025256
3.874886
4.223761
7.642151
8.92966
5.20113
3.371462
3.415509
5.565278
10.39977
2.800024
4.594808
4.931989
5.541225
4.152924
0.9517574
5.667277
7.49192
3.860681
4.846271
3.65674
7.190628
3.519914
4.111701
2.157699
3.652011
3.482502
4.090659
2.557968
5.942449
5.989339
1.665328
6.444669
2.949759
4.470517
0.9666269
5.351002
2.950528
2.765189
6.196318
2.783692
5.231176
4.241039
3.315525
6.306103
3.917206
3.741739
5.879184
5.925358
1.501557
3.26425
0.1430254
2.554803
5.438983
6.019341
8.034982
5.417547
5.229312
5.27503
4.007547
2.934358
8.95388
7.197336
6.625068
4.168733
5.711798
7.251521
6.419029
8.033419
7.957267
5.570235
6.284965
4.085944
5.11394
7.422635
5.866556
4.275122
3.396092
2.546195
7.146021
1.703972
3.101788
8.279461
7.381111
7.14323
6.214906
3.813966
5.602615
4.636826
3.066416
5.350156
3.58305
5.180241
7.373533
3.423046
3.927579
5.642477
4.563002
5.144252
1.774731
1.696484
3.981829
8.282206
4.247734
2.971337
6.297594
3.462398
3.472754
5.601905
5.756542
7.526632
6.410411
3.1593
3.620495
5.727127
3.725124
1.577021
3.167756
2.418487
4.400504
3.616678
6.11578
1.844
2.761888
6.89629
1.134919
7.301907
2.363446
1.847482
7.940274
4.036141
4.560853
4.427261
2.712108
6.281659
5.17389
3.605117
3.609031
5.297433
3.410903
3.832926
4.70463
0.3995018
5.080978
2.49317
2.137726
6.353045
7.047316
7.697562
2.478565
3.212911
7.460016
3.70665
5.983957
3.314896
6.12936
6.101548
3.921819
4.801944
1.834645
0.6056809
4.187909
2.699717
6.74275
0.1011519
6.026361
2.835747
2.872987
3.491951
2.838195
7.450903
5.049305
6.286372
2.48226
4.997768
2.554917
5.610136
4.087678
5.611227
1.496161
5.376346
5.557487
3.278462
2.367128
7.846053
4.997435
5.805292
6.915808
6.962893
5.778708
4.624352
2.063965
5.423629
1.719188
1.925884
0.8644829
4.977484
4.144588
4.489837
5.132467
3.504333
7.511321
4.8452
4.484231
4.755694
5.744738
6.780749
4.665921
4.679785
2.417537
1.526481
2.574951
6.597772
0.9409723
5.01274
3.450683
2.776502
2.277306
1.105725
3.804434
6.141166
5.596623
5.761772
3.892548
4.153282
5.447697
4.133228
4.368563
5.995699
-2.240066
2.513342
3.26305
0.06329155
1.937054
8.828466
4.350994
4.290128
2.599527
5.849248
4.351209
6.248957
5.324443
8.093079
4.159214
4.721772
7.733498
3.246567
3.111324
7.966109
7.100263
4.551835
4.901877
6.044929
2.171838
3.668758
1.375058
0.4024053
3.441739
3.655597
4.500415
4.397985
3.08519
1.251129
5.292242
3.802139
8.564091
2.665091
3.704067
4.194845
3.586088
7.722583
3.782209
1.515495
2.93485
2.965063
-0.1177015
5.216865
6.636567
4.098964
2.884056
4.54868
5.678405
6.180483
6.409049
6.405927
6.976853
4.452986
5.863928
3.666965
4.028133
4.72059
2.898062
6.692748
6.215992
3.456009
2.837285
4.316917
2.385113
2.381075
5.80934
3.923114
4.969672
6.58569
1.372568
3.863116
6.307272
6.824383
3.156571
6.884034
5.135568
5.801371
2.600456
4.696848
4.011366
5.50946
5.152287
3.828452
4.992642
4.766747
-0.02886105
3.623142
7.084599
2.024156
6.022946
5.049471
7.157025
3.949847
1.95191
5.263778
3.683976
4.395454
4.566563
3.232578
3.190171
5.993492
7.61282
3.147764
4.020972
5.403348
4.029949
4.227556
4.510653
5.135474
3.84018
3.00749
3.010591
5.392129
4.388319
5.929038
6.139834
3.336877
4.936723
4.843588
0.6546512
9.610456
3.649217
4.642835
7.522558
5.068618
6.075243
2.881611
3.898102
7.020396
2.858462
6.172927
4.497356
0.3757353
5.807076
5.699831
4.257495
7.799697
3.491797
4.191637
-1.047788
3.247375
5.075311
3.51182
2.273157
3.450839
4.007144
5.197085
7.058172
4.782439
3.308314
3.738038
3.468278
1.575355
5.647346
3.792165
1.143012
5.664309
4.701029
5.048892
2.351117
2.941649
6.379487
2.332025
4.012989
0.05286503
4.643704
3.900127
7.256362
11.79167
3.265718
3.510247
5.140965
5.739604
4.077281
6.241106
6.075829
6.00991
2.783216
4.313857
6.751841
4.988179
4.956773
6.080283
4.573497
6.808041
5.852567
2.946748
4.263305
4.380688
3.86294
4.113244
2.120005
2.712955
3.360891
1.712313
4.329197
3.842052
5.900297
5.020012
5.284517
2.552728
-0.2372746
6.811649
5.161713
5.344785
3.888208
4.118235
1.400465
4.105
2.695046
7.114646
7.584729
5.643115
4.655776
3.076919
5.552978
9.522917
3.233366
4.561293
6.157769
3.45954
6.840117
3.93017
5.516421
2.480565
1.924774
